0.016573556
0.026749327
0.040615845
0.059238283
0.071791693
0.087268002
0.091945982
0.107341463
0.122203876
0.137151284
0.15102133
0.158991378
0.181397255
0.19516274
0.205950802
0.223304396
0.237814317
0.244122294
0.248229359
0.129305362
0.142273489
0.148220635
0.160186132
0.174376275
0.185717933
0.200316377
0.214095974
0.227728351
0.243611036
0.254199599
0.271765201
0.285074915
0.298987298
0.309230104
0.313245117
0.32793818
0.346339307
0.355411736
0.36318902
0.124429164
0.135744201
0.150211463
0.160800347
0.173091715
0.185598939
0.201307782
0.212491316
0.229646693
0.240976484
0.254876038
0.267679304
0.280842441
0.297221629
0.309114959
0.331525968
0.333907136
0.355704892
0.365615733
0.379457874
0.243913814
0.258510975
0.272551974
0.285053747
0.305039326
0.310455328
0.325784095
0.339683328
0.355246556
0.368916139
0.389396298
0.407728467
0.41069338
0.420735404
0.44449897
0.468241047
0.466649219
0.482103715
0.493935784
0.499492591
0.120179371
0.142706166
0.152013697
0.170257021
0.188543325
0.202531082
0.211758427
0.232308507
0.244676532
0.255114026
0.278188965
0.295498618
0.302769775
0.320649382
0.347326863
0.374034495
0.381175111
0.402380783
0.427536678
0.435542328
0.258228083
0.267163876
0.270893432
0.284873811
0.300339855
0.316450906
0.332685761
0.342440401
0.351271635
0.368905234
0.382642814
0.395058949
0.415701402
0.448721822
0.508227602
0.488799787
0.502546349
0.538931002
0.570035326
0.559504817
0.24887148
0.263024737
0.275731141
0.291709405
0.301056387
0.314943431
0.327512558
0.343579026
0.352015749
0.368594438
0.388833401
0.399284688
0.42400117
0.429736307
0.441193432
0.461435282
0.471774952
0.487804213
0.50571012
0.512865169
0.374877077
0.394124636
0.404797553
0.420224787
0.425444496
0.437077707
0.453769615
0.471555245
0.487470324
0.497587079
0.514728023
0.523632705
0.544753381
0.553197481
0.570517718
0.582432537
0.6035391
0.615428582
0.618353402
0.640523857
0.123639184
0.136370926
0.152335398
0.160915171
0.171455944
0.190290391
0.200552121
0.212524031
0.230495368
0.256743381
0.266298202
0.28707729
0.303358652
0.319034139
0.342784235
0.34148524
0.355362984
0.368393655
0.38895881
0.395092626
0.246417825
0.256058282
0.270685272
0.284017438
0.298511962
0.309986407
0.321622504
0.346782569
0.351214543
0.361490385
0.378368002
0.390615749
0.40302194
0.41540985
0.431983727
0.448711238
0.458497632
0.47449065
0.515084364
0.507817697
0.244566198
0.261370685
0.27278868
0.284836606
0.299311886
0.311268723
0.325431603
0.343307681
0.363075478
0.368296792
0.382899406
0.412546611
0.422807699
0.432681655
0.449787318
0.465434258
0.484451526
0.486976706
0.511812183
0.521318892
0.367695085
0.380709398
0.399113733
0.406751816
0.42441332
0.434332179
0.445101959
0.46414168
0.474249133
0.489678613
0.505147543
0.549537205
0.534660681
0.54550808
0.560670383
0.574522147
0.600783951
0.604310478
0.61904684
0.618108357
0.246673774
0.257117043
0.268279408
0.28614907
0.300874848
0.308197965
0.327689927
0.361283509
0.370475252
0.39232561
0.404893133
0.411954527
0.431233518
0.446810217
0.459849868
0.470715871
0.498073641
0.510488813
0.527757731
0.536015803
0.365812667
0.38261908
0.392310856
0.410743737
0.416931116
0.436981806
0.44693723
0.46349956
0.479216742
0.495879143
0.50130605
0.524029779
0.541987005
0.542681085
0.576554671
0.587261266
0.577323163
0.597963049
0.623981733
0.675161765
0.38356077
0.401670025
0.417173595
0.432960378
0.443721819
0.463947311
0.458487047
0.464750443
0.476235471
0.495192761
0.50503368
0.521848433
0.540703407
0.548105105
0.563872002
0.581206031
0.600048496
0.607748802
0.630182584
0.63639851
0.4908445
0.504111877
0.518772865
0.536481837
0.544400567
0.565779759
0.577116927
0.599215857
0.596389824
0.60782161
0.626007522
0.639006761
0.656312243
0.7041011
0.678404759
0.699838797
0.713072174
0.729694804
0.743803479
0.761364912
0.120572276
0.134056793
0.156341751
0.165672696
0.18155955
0.19353146
0.209308301
0.220696145
0.257347974
0.272133409
0.256723816
0.276660001
0.303556228
0.297588875
0.308172307
0.33727618
0.32516122
0.330670557
0.346834208
0.362305063
0.242894505
0.258433035
0.266607073
0.275278578
0.287946172
0.311526597
0.323271745
0.329253531
0.348688401
0.370515024
0.386402518
0.381501624
0.385637876
0.401914749
0.417491127
0.43255336
0.438613726
0.470444525
0.473599636
0.494195263
0.246204533
0.295611839
0.294980945
0.295584255
0.321262314
0.322506782
0.34475229
0.351505774
0.349574925
0.36903834
0.396448391
0.414219907
0.438802001
0.448326992
0.478568207
0.446519948
0.467041162
0.476718184
0.497488933
0.512650274
0.366493916
0.382703754
0.395040667
0.410595555
0.424109259
0.452600842
0.463238158
0.477972595
0.481600476
0.501781386
0.599405735
0.51208417
0.531008423
0.583183708
0.592468467
0.57620314
0.590522542
0.62250088
0.643017604
0.648336743
0.250838893
0.263840697
0.293166844
0.300640709
0.322702112
0.325601594
0.359831522
0.395162227
0.399640387
0.40890975
0.427381762
0.447513918
0.460521176
0.485405405
0.505750854
0.542070717
0.504849576
0.500939125
0.514510561
0.527515253
0.366089785
0.38314862
0.391409258
0.409234659
0.424207726
0.432819573
0.453801047
0.461637348
0.478898889
0.494230864
0.500666496
0.509179876
0.531668825
0.554579226
0.56462574
0.567110184
0.58278952
0.59003117
0.610762468
0.616572978
0.368601173
0.38381255
0.397626786
0.405841879
0.424268666
0.438183295
0.459727987
0.463860071
0.485643073
0.488340489
0.510240881
0.513839254
0.53464721
0.559231868
0.558177278
0.571248362
0.590536013
0.61400482
0.631380866
0.638935877
0.492772142
0.511100783
0.521203426
0.544213255
0.55928479
0.564333546
0.586038288
0.582257735
0.604307271
0.616017779
0.638187913
0.646096059
0.652051544
0.678814984
0.686306168
0.720425441
0.743699239
0.75556691
0.762143667
0.775937376
0.244193819
0.259291334
0.281211612
0.295729871
0.299721149
0.311597159
0.324456235
0.345510197
0.352420201
0.369907864
0.383232974
0.393713448
0.409701655
0.42280802
0.442746772
0.452332384
0.471559415
0.488374808
0.511739696
0.51934346
0.370768728
0.377835254
0.398253831
0.409023933
0.431605896
0.446557474
0.458207042
0.469085553
0.485250809
0.508232413
0.516755736
0.534038126
0.551744854
0.568424253
0.583581425
0.600010648
0.6219537
0.62746881
0.652876486
0.700522292
0.381935904
0.386136946
0.400049329
0.407861574
0.425464382
0.438540919
0.456770451
0.471660127
0.484422981
0.50368369
0.510324274
0.528990012
0.53916899
0.553926521
0.591057855
0.587720243
0.614002575
0.614887174
0.633845746
0.650913882
0.498013341
0.518897633
0.526573563
0.543946401
0.556649918
0.57545614
0.574768474
0.60020662
0.619378805
0.629510956
0.646527453
0.653465683
0.665233924
0.701490603
0.715524226
0.722666446
0.739048841
0.785152213
0.783329773
0.802393549
0.372945265
0.382913517
0.39980236
0.406765929
0.4470806
0.438007209
0.449114407
0.469536834
0.505822699
0.513450198
0.513408181
0.526743234
0.57453209
0.566499818
0.573575004
0.565603672
0.581307384
0.601962668
0.616793969
0.628344427
0.497690999
0.513983908
0.531309918
0.548978157
0.572212183
0.593930395
0.603172816
0.619722958
0.63200759
0.653423666
0.662189147
0.681029688
0.693273907
0.711571757
0.740196446
0.740416794
0.7509287
0.777335479
0.787267167
0.810766445
0.496753799
0.521490488
0.525560026
0.545534059
0.552861988
0.565441699
0.585951046
0.605428575
0.60539618
0.625864793
0.644816631
0.654293831
0.67842721
0.691490276
0.707828731
0.724193164
0.7423284
0.754242899
0.771626642
0.795437036
0.62568999
0.644047819
0.650094714
0.663336432
0.6781363
0.69852152
0.714632891
0.731276048
0.750300693
0.753906122
0.770460434
0.785075557
0.80823902
0.826948378
0.844146413
0.882279416
0.906874019
0.892822113
0.854955004
0.870829669
0.122308116
0.135011633
0.14907765
0.162720292
0.176052779
0.186270246
0.203051961
0.218045236
0.22828291
0.24039306
0.253151744
0.264293261
0.280223735
0.290542235
0.303685165
0.320136199
0.335170206
0.349241355
0.362525411
0.372047516
0.243617129
0.259373763
0.268625485
0.28359759
0.29553422
0.312253713
0.320953121
0.337899697
0.351135
0.362170031
0.379408801
0.392949447
0.399541279
0.416624169
0.433196762
0.44779681
0.461704062
0.479305267
0.491962276
0.505429793
0.252280295
0.264546324
0.271431953
0.284007495
0.300348836
0.30984881
0.324254169
0.337790646
0.35095699
0.367021532
0.374651918
0.391557439
0.402278467
0.406364684
0.42444796
0.435752734
0.44954516
0.465314622
0.478839232
0.503530056
0.367787778
0.378654422
0.396555839
0.406257237
0.419630457
0.435197854
0.450606165
0.465973421
0.476939173
0.49027615
0.5073244
0.510601392
0.536807709
0.546199273
0.561076439
0.57430244
0.605581568
0.608533651
0.624186044
0.63720549
0.243716559
0.258890409
0.273871816
0.288932766
0.296758802
0.309745853
0.323241596
0.342404479
0.351742159
0.366391601
0.378573596
0.390911149
0.40926545
0.42176241
0.434791798
0.450724838
0.467879895
0.480694067
0.47594007
0.492895307
0.372959056
0.384667961
0.401907372
0.409212207
0.428712187
0.44297578
0.452367024
0.477963614
0.487218864
0.501327219
0.509661305
0.530232876
0.53377095
0.555372092
0.567593859
0.581582258
0.598793443
0.616769271
0.631591591
0.64495102
0.374702915
0.389399827
0.405467576
0.41600899
0.42998039
0.444713545
0.461013831
0.474525611
0.494590092
0.511536027
0.519397985
0.542948261
0.552011709
0.57802077
0.600552377
0.616470342
0.630347444
0.641369967
0.669320783
0.685009741
0.500670024
0.514954144
0.524613846
0.544451886
0.558894771
0.586354216
0.596170439
0.605132853
0.618146205
0.640379844
0.644181567
0.668631836
0.67439199
0.705194499
0.758371132
0.732460217
0.7495662
0.763380117
0.776297888
0.790442486
0.247170599
0.260358432
0.273833648
0.296167679
0.300947335
0.31628797
0.333053328
0.351167394
0.362896506
0.375860463
0.407470914
0.407752844
0.417536992
0.441154622
0.452399097
0.459246237
0.483343694
0.489975297
0.513226322
0.535205616
0.368229757
0.38119179
0.406621917
0.41089705
0.428467464
0.446462214
0.463663457
0.475135015
0.491180955
0.505029832
0.524425573
0.540366631
0.560518994
0.572359402
0.58960202
0.60685843
0.624698265
0.653275164
0.656731129
0.673176389
0.375648134
0.385391869
0.396478861
0.412193798
0.420457322
0.439351427
0.458812598
0.475632482
0.484470129
0.500053243
0.512208296
0.538622772
0.546975461
0.556113321
0.575053612
0.58499813
0.606242932
0.621087062
0.633740865
0.64394005
0.495066069
0.537477411
0.596962664
0.55883383
0.591595414
0.589672583
0.606075506
0.617220872
0.630460023
0.646961413
0.653302748
0.663221927
0.687236633
0.705858109
0.726765172
0.754268236
0.784546657
0.799561101
0.801418821
0.815077179
0.375384807
0.397744177
0.414273471
0.432962944
0.484517599
0.477157917
0.489581429
0.487068117
0.503581053
0.526480869
0.55190843
0.555907407
0.567823508
0.580768221
0.587063049
0.635788464
0.645939538
0.669049438
0.699671691
0.727182133
0.519824889
0.532908483
0.543549967
0.55097123
0.568617338
0.579464096
0.595487905
0.63035899
0.636875449
0.642286318
0.651294279
0.67811481
0.68133407
0.71098769
0.715344291
0.75396161
0.753268813
0.809367059
0.803312466
0.807421777
0.525325887
0.521891412
0.543626944
0.573316488
0.631368677
0.654283889
0.657956994
0.604791267
0.610228437
0.616485096
0.669917038
0.671374797
0.671338554
0.813096615
0.784032513
0.79963872
0.857653703
0.837905471
0.828502681
0.840971417
0.64005237
0.66847756
0.697825837
0.713894871
0.736895077
0.756325458
0.760588081
0.770207371
0.783947838
0.800195523
0.813619741
0.838595702
0.905524027
0.873249646
0.909984868
0.915011492
0.919208043
0.940500635
0.963314172
0.967187419
0.248486271
0.263969635
0.278989531
0.297255948
0.308877611
0.319209583
0.329895009
0.340743692
0.35215078
0.370425538
0.381884587
0.400686318
0.41971417
0.449277984
0.466558128
0.461236424
0.489626974
0.522841121
0.511964534
0.547218903
0.371079525
0.398315414
0.403625892
0.42477319
0.478136493
0.491822434
0.494370065
0.487495662
0.510539169
0.527353601
0.53721184
0.549194656
0.564247909
0.597152541
0.615823732
0.627780248
0.627642971
0.652362019
0.674870854
0.708415041
0.40111675
0.405232796
0.414948948
0.427189959
0.444427445
0.475707214
0.484939371
0.530713022
0.513368409
0.527864538
0.574435226
0.563244636
0.601595741
0.613839318
0.611287517
0.629538219
0.670719527
0.657931976
0.723961912
0.735508843
0.520384579
0.555544329
0.553731833
0.583200387
0.580649228
0.588474943
0.600928604
0.619981153
0.629228064
0.646307105
0.662193959
0.688125081
0.717394777
0.708678048
0.72212568
0.744256684
0.764880855
0.793775607
0.78290319
0.800890244
0.376522789
0.408009435
0.418755802
0.421453859
0.439525268
0.466612654
0.473944752
0.499173135
0.52861186
0.544903487
0.554758518
0.570393271
0.669262409
0.631264437
0.651548625
0.670072275
0.687872659
0.718026953
0.74960116
0.728363416
0.522908476
0.527969099
0.531769858
0.537683006
0.562000809
0.568011462
0.582983888
0.594077615
0.610866707
0.627826755
0.643830998
0.653152
0.66549661
0.687651029
0.706836043
0.723201119
0.738420835
0.766962453
0.77088381
0.794878309
0.496173261
0.51067869
0.532807129
0.549112547
0.563682125
0.577238487
0.592536143
0.602382836
0.611741042
0.644688335
0.655576468
0.671248747
0.688525363
0.702680866
0.71955271
0.751331869
0.762899969
0.772994914
0.795835394
0.815231455
0.629577349
0.645710851
0.657400833
0.677810429
0.686595475
0.713520889
0.726008228
0.739816049
0.755994776
0.768281652
0.788041432
0.80067182
0.806523707
0.836594609
0.85700998
0.8754945
0.896662323
0.919653551
0.936963203
0.944284717
0.370627282
0.38720116
0.406303423
0.419843107
0.431962238
0.445135958
0.467732354
0.473689444
0.491264668
0.503195845
0.51295658
0.537394982
0.569235081
0.587232399
0.617132027
0.627133638
0.644165209
0.665585775
0.680838848
0.682107372
0.538429045
0.567045716
0.562636835
0.593457627
0.59075155
0.582260622
0.586294238
0.599845789
0.61636097
0.664382683
0.686110839
0.700973893
0.692469172
0.708344159
0.72571892
0.727116702
0.745685576
0.764633565
0.795131051
0.820743999
0.516142803
0.532988988
0.549258483
0.577393724
0.583161257
0.585971894
0.636587104
0.632453096
0.632506019
0.639816948
0.716450842
0.717032983
0.74037157
0.742109014
0.767669041
0.803683562
0.775961752
0.780431574
0.783941744
0.792739619
0.653188564
0.678100377
0.692881322
0.726579784
0.733432698
0.741828688
0.784605353
0.788587972
0.791309123
0.780393405
0.808909686
0.830890263
0.834599933
0.843004903
0.84309888
0.863499495
0.925158397
0.925199131
0.95800209
0.977748719
0.504228947
0.530687363
0.546138654
0.543799823
0.583600348
0.592107635
0.6047454
0.62343359
0.646029346
0.669538886
0.700949195
0.68673628
0.720256733
0.748941721
0.719997255
0.718499081
0.744644778
0.754790721
0.768577374
0.774020639
0.635846196
0.642905987
0.675632289
0.718873705
0.736421025
0.759409365
0.817743485
0.798005836
0.812943943
0.818401641
0.842413139
0.815451162
0.804243572
0.825158974
0.846942297
0.880140407
0.900765219
0.911570281
0.949725415
0.936252124
0.655543753
0.671511111
0.682354662
0.699139264
0.732242435
0.74886763
0.728467335
0.739753506
0.763271065
0.781761359
0.795854638
0.821947734
0.826530455
0.865227317
0.864571406
0.830552846
0.855681157
0.875358506
0.88741862
0.902516135
0.759010687
0.787757578
0.801304638
0.815302339
0.833352257
0.842235129
0.862664612
0.879971057
0.903089296
0.918201564
0.929229219
0.945888733
0.965000619
0.977829545
0.993680476
1.013036765
1.027711224
1.053737927
1.057513027
1.082044763
0.122983593
0.132998995
0.147038712
0.158846724
0.175187424
0.192869134
0.200309
0.210901412
0.223639889
0.24192523
0.252380045
0.263202107
0.275731461
0.296583358
0.300337289
0.306273209
0.324547646
0.334562406
0.345600966
0.360987146
0.246664794
0.255635227
0.271830632
0.284648011
0.297660721
0.309803265
0.327615516
0.337537262
0.34806296
0.384083254
0.424572086
0.410203291
0.435033957
0.448795592
0.481586042
0.492816404
0.469223792
0.524322935
0.520023427
0.525661701
0.256025567
0.255435086
0.287950021
0.34251321
0.334786923
0.312136001
0.319528398
0.331151024
0.339583578
0.360638501
0.365569226
0.37999864
0.408937012
0.42525077
0.464401799
0.529395105
0.494429722
0.504480406
0.550132497
0.548794695
0.373907162
0.404536791
0.420665483
0.425963774
0.451948458
0.450530791
0.4635775
0.488203534
0.52715378
0.530320759
0.535336158
0.552957889
0.578395072
0.589104553
0.672671866
0.609615183
0.620115222
0.61122754
0.641703856
0.656482236
0.251893163
0.272261064
0.291799533
0.321358215
0.318877297
0.317525061
0.345844728
0.350339245
0.38873782
0.38113534
0.399047341
0.40834557
0.427378553
0.446664601
0.45681728
0.465357923
0.486477957
0.501351274
0.525546556
0.522447253
0.386352484
0.395976584
0.401096543
0.416468289
0.435108047
0.451444577
0.482462623
0.487060739
0.497974532
0.512222729
0.525676455
0.548608986
0.558097414
0.576299042
0.59831939
0.632686915
0.567420661
0.605124194
0.607659315
0.616622693
0.359639721
0.378164653
0.382304113
0.394484826
0.404928735
0.431738682
0.433367396
0.451850633
0.460623491
0.467074519
0.502960743
0.514825848
0.506165249
0.52132691
0.531544378
0.544921127
0.570906775
0.575214943
0.589014105
0.60562166
0.484993896
0.490073764
0.500543974
0.549966675
0.545471194
0.545429178
0.554848967
0.582456593
0.603651359
0.62211022
0.633489084
0.630772423
0.635332693
0.656160213
0.666015566
0.709554949
0.723426598
0.730392412
0.73881406
0.739251228
0.237533349
0.254222692
0.270906582
0.282908322
0.29698749
0.301806274
0.318435961
0.324963965
0.339036076
0.359880595
0.380094862
0.390517603
0.407090837
0.412869917
0.421321715
0.431707891
0.435514424
0.465153291
0.465511236
0.467314431
0.357255024
0.372868608
0.387436262
0.391703055
0.408934447
0.445628614
0.4624408
0.463704833
0.467621058
0.481742243
0.494642693
0.515029518
0.577693937
0.548382544
0.612121761
0.578948026
0.616778572
0.600057797
0.609637635
0.645954613
0.359445352
0.372888173
0.387540822
0.399933222
0.430424614
0.441805082
0.442442069
0.455487174
0.480395138
0.491834301
0.508860741
0.537292025
0.534544894
0.558535223
0.547012347
0.590110713
0.59625383
0.616286559
0.612523326
0.646992846
0.482129374
0.487240033
0.504890952
0.533460154
0.541869294
0.55770932
0.560366644
0.591988961
0.589131176
0.606108863
0.62619772
0.647471389
0.671074906
0.679244454
0.674125136
0.689922824
0.759925114
0.725988662
0.754324045
0.783077031
0.363337201
0.374523622
0.387208857
0.412969666
0.424748813
0.442280418
0.456795148
0.452311536
0.464900549
0.478195829
0.494532359
0.52786967
0.555350283
0.558235332
0.569267476
0.575744484
0.575570002
0.620306062
0.605829499
0.63622531
0.482006853
0.496439154
0.509381942
0.528015285
0.537579086
0.570494304
0.572225333
0.603680226
0.611377966
0.615275909
0.608019827
0.625094056
0.647896368
0.672161891
0.666080997
0.68083083
0.687370061
0.710667593
0.719119392
0.735745228
0.482965221
0.487732047
0.507840469
0.533947998
0.544406661
0.565824021
0.572335347
0.608100654
0.609349291
0.638652023
0.659354775
0.658006709
0.667877778
0.682270629
0.705042789
0.739142497
0.797208157
0.741186248
0.729285219
0.734216906
0.603185004
0.607300088
0.632145508
0.633796673
0.652258742
0.666561143
0.675669174
0.704025084
0.709222984
0.715672087
0.725812897
0.737138839
0.763426303
0.763901317
0.768590204
0.803693825
0.80574014
0.818640271
0.833322749
0.847085989
0.244342642
0.256963408
0.264867705
0.279356135
0.287395143
0.304039582
0.319593187
0.331255906
0.336843183
0.357472486
0.364139049
0.38022412
0.390700103
0.403400092
0.414877423
0.428983212
0.444117932
0.460397049
0.463896956
0.481828521
0.354091894
0.367635748
0.381200771
0.396001281
0.412182252
0.421373995
0.432276241
0.443091887
0.457532527
0.472722415
0.491371154
0.499707806
0.50540221
0.519525319
0.540590828
0.556158225
0.565409625
0.578843145
0.593936169
0.596615303
0.356167398
0.370351126
0.381324255
0.393498873
0.410635006
0.423028048
0.429005984
0.446659469
0.462620413
0.471669749
0.500085958
0.5197601
0.524651052
0.523197782
0.539447713
0.550586664
0.557809711
0.576397188
0.592278269
0.606659572
0.477234574
0.488079087
0.497822822
0.510343518
0.525705321
0.534566383
0.553755567
0.56816221
0.583455696
0.588724478
0.600383989
0.615766961
0.628655545
0.646030628
0.658759162
0.674743521
0.685455889
0.698535954
0.714993403
0.731657728
0.356043271
0.373222062
0.381723896
0.394769642
0.405149724
0.428290415
0.44541436
0.440741511
0.460723562
0.47191319
0.486617798
0.494505738
0.509327416
0.524940038
0.534695962
0.544469206
0.560600462
0.576380189
0.592404319
0.605308298
0.478364538
0.493327342
0.502640646
0.516442053
0.527183287
0.537964615
0.548046089
0.568601301
0.58074994
0.595765344
0.609959016
0.619472782
0.640519366
0.645554009
0.666207689
0.672674432
0.690277561
0.702016616
0.721412997
0.736331539
0.477993764
0.490687338
0.504169289
0.517825402
0.52533134
0.539104521
0.553473316
0.571614646
0.582708373
0.589042972
0.602590995
0.60973963
0.627386059
0.636881222
0.65548634
0.665653452
0.682261969
0.699654692
0.71080968
0.720430573
0.597824169
0.611617237
0.619374315
0.633332243
0.652115051
0.663645304
0.675078052
0.691788243
0.710081923
0.715478039
0.734027669
0.756198445
0.752052571
0.770841151
0.797973441
0.806139782
0.821861776
0.826170264
0.842407686
0.877135401
0.357927294
0.368576796
0.378730116
0.400429406
0.407650528
0.421707885
0.440776471
0.448590319
0.457722406
0.472212761
0.490020842
0.491398417
0.513526855
0.51841492
0.535034663
0.546181953
0.564492312
0.584006725
0.589383276
0.602637502
0.473851738
0.492785614
0.501499776
0.514739249
0.531152756
0.54445349
0.55473767
0.577204168
0.58747135
0.595393288
0.612186229
0.627261933
0.645757038
0.666792396
0.673275177
0.686494122
0.701876773
0.714851957
0.737699171
0.751553821
0.475083697
0.498028737
0.503019439
0.517098285
0.533466889
0.544832603
0.558359458
0.573119234
0.589073443
0.60410713
0.610949459
0.628662281
0.642518214
0.657337005
0.652553822
0.661411996
0.691405281
0.699188979
0.721404016
0.729332689
0.603410805
0.616075512
0.632239484
0.640631304
0.667091004
0.666491863
0.698839694
0.705592537
0.719817319
0.738280992
0.75022564
0.762668075
0.777889716
0.790572385
0.807475982
0.818995971
0.831112535
0.858378574
0.868191589
0.886117382
0.479260042
0.497344279
0.515257563
0.520089499
0.535761137
0.549280614
0.562688795
0.574296025
0.592653533
0.600749632
0.612369692
0.639847418
0.643805981
0.644099458
0.652948972
0.671671801
0.688719089
0.701974278
0.7078762
0.728047488
0.600501379
0.61753231
0.631968781
0.639159112
0.659013509
0.666795604
0.680968748
0.693458653
0.717162241
0.72961943
0.737605194
0.752842872
0.77113591
0.791817173
0.80763988
0.820516275
0.832999444
0.83902068
0.850400186
0.872314691
0.601833409
0.616051136
0.623393818
0.635577097
0.659194085
0.672114101
0.688021161
0.71448054
0.712574066
0.725219529
0.723444239
0.735800395
0.759238411
0.770470698
0.78295547
0.797635703
0.811746303
0.830185919
0.849979697
0.866285115
0.720101494
0.738237692
0.749437904
0.761623428
0.78210904
0.794103403
0.81606698
0.818000076
0.839194201
0.861256566
0.877971569
0.896020524
0.917917069
0.909527494
0.931267517
0.944592305
0.970843204
0.978674372
0.992516834
1.019092321
0.239844916
0.252148792
0.267609705
0.279884072
0.290255174
0.307059341
0.315100272
0.32581649
0.33627387
0.35914931
0.368201211
0.376541071
0.391884272
0.401808905
0.410599724
0.432141852
0.445456697
0.458693283
0.470764302
0.482896903
0.36134958
0.370476215
0.384078443
0.396508689
0.409990961
0.428048898
0.439341804
0.449634325
0.460524704
0.474507649
0.486609781
0.50161428
0.517998601
0.531061986
0.542313196
0.556289086
0.565446832
0.585841674
0.598995509
0.610816351
0.362444584
0.372833006
0.38419006
0.398013919
0.413306122
0.42652218
0.434037741
0.448289786
0.458943139
0.474257793
0.489906659
0.500933351
0.514314911
0.529395105
0.542457209
0.556281709
0.564797013
0.579942959
0.575083761
0.591318617
0.472469994
0.486969971
0.499782218
0.524348274
0.53223942
0.540839079
0.559678016
0.5708654
0.583360756
0.590389435
0.602799797
0.622502484
0.640955572
0.655046928
0.665671734
0.680448508
0.698307267
0.707179233
0.726568239
0.737977572
0.360557035
0.373222062
0.384035784
0.394198084
0.40634961
0.417674269
0.428911687
0.449772243
0.458868406
0.469423292
0.483291092
0.491791001
0.514106751
0.520229662
0.536797766
0.546416733
0.559173173
0.575205321
0.588208729
0.612730202
0.475419511
0.487365442
0.499392199
0.511139272
0.524706539
0.536970323
0.547131341
0.564194986
0.574459924
0.589268131
0.59849708
0.614502607
0.626890517
0.646461381
0.652672175
0.6684689
0.677046108
0.696917183
0.706915907
0.71872809
0.472647041
0.486332341
0.502903652
0.5142498
0.529508005
0.544966351
0.554213904
0.573614455
0.586661484
0.602998976
0.613132089
0.62266991
0.640170081
0.651497948
0.676039307
0.685233617
0.728610064
0.71616859
0.735581651
0.736911115
0.597233688
0.613300476
0.631003997
0.63552674
0.648941977
0.658107742
0.666716061
0.687380966
0.695047595
0.706820326
0.726058905
0.735653176
0.752021459
0.76104289
0.775275371
0.790996402
0.807930148
0.819229469
0.83191759
0.849298447
0.357264967
0.369048925
0.38334395
0.393409708
0.410960235
0.424391509
0.436437832
0.446673261
0.458809069
0.469533305
0.485209433
0.496682274
0.514498053
0.525772035
0.536891101
0.560234819
0.562042505
0.583150031
0.587923913
0.608322283
0.473837305
0.491969973
0.497423823
0.518763563
0.530047809
0.539095862
0.547951791
0.565349968
0.585304757
0.601081276
0.601427354
0.607247807
0.623170584
0.640219476
0.656569477
0.660638374
0.678766231
0.686245228
0.705260571
0.717016626
0.476727165
0.491748984
0.502641608
0.517253523
0.524491003
0.53958948
0.546276571
0.569282231
0.585611704
0.594447748
0.611374438
0.622863637
0.634613275
0.650065848
0.654428542
0.681796897
0.676418741
0.697868816
0.715443399
0.724912903
0.588428756
0.616829249
0.624036901
0.642500893
0.654769168
0.66340539
0.678146885
0.693856369
0.701334083
0.720105344
0.732254944
0.731548355
0.741783785
0.756506675
0.77519294
0.797947783
0.802291233
0.812595941
0.828352575
0.847376899
0.479103521
0.491845206
0.506661753
0.522994113
0.530197915
0.547662806
0.552493459
0.57049687
0.577654165
0.598037461
0.60967452
0.622699739
0.637893154
0.651977133
0.666386982
0.673850583
0.692589129
0.701083906
0.713623846
0.726520769
0.594479822
0.610179685
0.628518589
0.635407746
0.644589868
0.670793939
0.680678799
0.690258958
0.702268396
0.719732965
0.716356544
0.736260656
0.748124477
0.758059695
0.774142199
0.785473273
0.798603694
0.818564898
0.825094506
0.842085343
0.595887867
0.604206879
0.627799813
0.634548807
0.65362926
0.656879952
0.673720042
0.688399633
0.712559634
0.717871715
0.73724757
0.755908176
0.766611884
0.777876565
0.808626152
0.823092131
0.828952036
0.852769487
0.855650366
0.87632778
0.723255644
0.729786535
0.744875069
0.758993366
0.788526389
0.782401554
0.797580216
0.808038879
0.811949652
0.83909413
0.846782249
0.858188376
0.870965983
0.891208796
0.909319975
0.921032087
0.9371178
0.960337392
0.968360682
0.986212705
0.365296276
0.376124111
0.40886228
0.417883711
0.412679398
0.425523077
0.43071392
0.451618739
0.458364204
0.472868352
0.489330611
0.499039387
0.513157684
0.525584402
0.538411084
0.561291976
0.555864748
0.578463069
0.598118929
0.607355255
0.478587772
0.501640902
0.500527296
0.509970178
0.523126258
0.53661719
0.548890916
0.562591291
0.580034692
0.592499899
0.608737641
0.621669845
0.629987896
0.650492111
0.661803299
0.672170872
0.689618763
0.707258135
0.706803968
0.727687297
0.479381602
0.493958236
0.499422028
0.518317415
0.528183353
0.54280938
0.561216281
0.569214876
0.583064714
0.600570338
0.614788065
0.633172835
0.640582552
0.655849737
0.669484039
0.67937756
0.7067132
0.717026889
0.734666582
0.746149366
0.600150491
0.605749956
0.623713916
0.633737978
0.651044423
0.666592576
0.68183731
0.696417472
0.707471106
0.711831877
0.726046717
0.737302417
0.74804301
0.76544247
0.789182301
0.789248374
0.818226518
0.82103523
0.833503645
0.861634077
0.478983244
0.49309224
0.502698379
0.518730848
0.52352237
0.545027292
0.556411288
0.568984264
0.584618375
0.592493484
0.608252363
0.618674783
0.636286572
0.659439772
0.655952695
0.670806447
0.68666219
0.704687732
0.730798788
0.743809252
0.592177235
0.607631091
0.622523011
0.633247568
0.647556064
0.673267159
0.676358443
0.685592524
0.693918914
0.711624678
0.727658751
0.744191894
0.757343484
0.773112306
0.793351911
0.799095708
0.807604918
0.834946651
0.83369224
0.854090932
0.600952338
0.612376748
0.624724244
0.636319929
0.64941635
0.660600205
0.681391803
0.688656866
0.710855546
0.725051463
0.724609163
0.740579409
0.7616462
0.769584816
0.787050989
0.802089808
0.81479942
0.829003354
0.854232378
0.867878227
0.716138441
0.736750104
0.743666203
0.767051297
0.767299228
0.786202955
0.797960933
0.812118681
0.828200544
0.837511281
0.858513925
0.873572951
0.89041657
0.896582139
0.905684717
0.921204966
0.94297129
0.958467162
0.979703303
0.983820953
0.47858264
0.490495215
0.509562197
0.520426917
0.53548915
0.541440145
0.556944356
0.564702396
0.579881377
0.596902044
0.599886843
0.61895126
0.634357967
0.651545097
0.664246048
0.669130585
0.693322018
0.702034577
0.714052995
0.733356363
0.600134133
0.614214584
0.6331398
0.643481714
0.647878728
0.663862123
0.679450689
0.696316118
0.70374957
0.726925542
0.734645413
0.750075534
0.760743641
0.77977053
0.791812683
0.801838028
0.817041066
0.83419548
0.882264342
0.856290561
0.591177491
0.612647451
0.625336215
0.638382923
0.653380366
0.659532144
0.679752184
0.698618384
0.704440442
0.72312799
0.741386388
0.747068604
0.76889234
0.783604646
0.798361857
0.811250761
0.833234866
0.849213131
0.821657465
0.843630665
0.715483171
0.728827846
0.74084915
0.766494494
0.773224564
0.797406054
0.814385666
0.813886595
0.836482351
0.860743704
0.874962073
0.886127004
0.894550577
0.911731934
0.919212855
0.944770637
0.95283434
0.975938146
0.989617031
1.002646099
0.596582588
0.619666829
0.624484653
0.641847227
0.654948781
0.665879252
0.68278766
0.695086725
0.708133754
0.722999373
0.731242049
0.746622456
0.743740935
0.75475095
0.770018776
0.794462951
0.801105139
0.819344293
0.839377984
0.851872379
0.713593055
0.733857678
0.749004265
0.749308647
0.772164842
0.786763928
0.805923283
0.812414403
0.830148714
0.869376079
0.865277352
0.877253754
0.882245739
0.907206304
0.919790185
0.93883183
0.942551762
0.970620932
0.98708255
1.001010007
0.719841696
0.735414225
0.748439123
0.773487571
0.779784001
0.781842505
0.799663416
0.816540071
0.823684857
0.84257415
0.857556198
0.868244832
0.882970289
0.90011027
0.91751839
0.934143906
0.936466698
0.962508476
0.98460901
0.992220471
0.835880324
0.848606292
0.877751542
0.873658589
0.889120463
0.920963449
0.924670553
0.934616996
0.960882328
0.975025643
0.983823519
0.993430619
1.015709485
1.03930787
1.052197096
1.053345021
1.044767493
1.073439011
1.076223668
1.099875938
0.122164425
0.13303139
0.146133906
0.159391661
0.170062974
0.180675913
0.193569629
0.212776774
0.221767735
0.235078412
0.244604045
0.263929863
0.27222065
0.279983181
0.299175572
0.311635327
0.317659451
0.332585049
0.339395946
0.361909912
0.238396458
0.252207487
0.263271065
0.272265875
0.284359025
0.300104432
0.312314332
0.32434558
0.336525329
0.350354321
0.362294479
0.372841666
0.385128542
0.399696838
0.409520438
0.428666321
0.446136023
0.458739791
0.467670452
0.476848725
0.240275989
0.249614311
0.26522565
0.263538882
0.284121999
0.302549748
0.313483105
0.326343785
0.335499606
0.34857101
0.358873474
0.373461975
0.387370189
0.399508243
0.411224845
0.42204851
0.433037996
0.445490054
0.46130442
0.470953859
0.355709061
0.362657234
0.387768547
0.389482898
0.400876516
0.412354489
0.430538797
0.442864804
0.451323659
0.476807029
0.480830381
0.495827183
0.504246267
0.521740344
0.533135566
0.539435525
0.559890346
0.579645635
0.58682891
0.597153183
0.235614046
0.250290108
0.262519252
0.275543829
0.286651027
0.298136377
0.312004819
0.324923873
0.338051407
0.350795657
0.36019524
0.370995812
0.389126236
0.401229008
0.413861321
0.423928683
0.438212803
0.450801816
0.466397759
0.477257026
0.353305442
0.361215833
0.379478721
0.393610811
0.400490666
0.420285406
0.426150123
0.441866022
0.453675318
0.470751152
0.480145924
0.495369168
0.505916997
0.505992691
0.533854022
0.553127239
0.559067971
0.578369413
0.56994167
0.587869708
0.355317118
0.360352724
0.38061478
0.396176725
0.405312339
0.420657464
0.431839715
0.447013245
0.455580188
0.467453312
0.482795871
0.495118349
0.506107515
0.528693969
0.541401656
0.547183621
0.562284664
0.573541968
0.585368263
0.594926291
0.472877653
0.486141501
0.496026041
0.50715505
0.524760745
0.532468428
0.554813045
0.564455427
0.576877655
0.598286355
0.608510879
0.620404208
0.647587175
0.659318532
0.668152652
0.685869963
0.685364479
0.700138046
0.725287847
0.730251608
0.239565552
0.252026912
0.260911387
0.275970413
0.286338307
0.301405992
0.307789023
0.325597746
0.333767615
0.349301334
0.362914467
0.368833709
0.386085308
0.396281607
0.413573619
0.425260392
0.440278364
0.446711429
0.46234137
0.474598418
0.358352594
0.367046871
0.386879779
0.392062282
0.409944775
0.419055371
0.427042419
0.451793221
0.461563578
0.477569746
0.483433821
0.500508051
0.511095973
0.534112537
0.538006311
0.556896886
0.579025005
0.581236822
0.606984801
0.608533651
0.355285364
0.369885092
0.378989273
0.39952011
0.410108352
0.422593446
0.432096628
0.45043489
0.461771096
0.477847506
0.490250812
0.49736192
0.515812763
0.540840683
0.543045123
0.554966037
0.572106981
0.592640383
0.594091086
0.613448338
0.479100955
0.495948102
0.502353905
0.520947477
0.533226334
0.543224416
0.558527525
0.572395646
0.589518949
0.595194749
0.61968896
0.631905275
0.649147892
0.65940481
0.667667052
0.698166783
0.704885948
0.71644603
0.741311336
0.748255981
0.360590712
0.374282747
0.384030011
0.401222915
0.409503438
0.421796088
0.436235446
0.448002725
0.467477688
0.472181649
0.482435681
0.497652189
0.509925915
0.524406648
0.549519565
0.559173173
0.575231622
0.591568152
0.603169288
0.615814109
0.473232711
0.490698564
0.496851624
0.515828158
0.524245958
0.546159822
0.557928705
0.566882139
0.582569493
0.604606199
0.610111367
0.609997505
0.621467138
0.634269443
0.648992654
0.670084463
0.673177672
0.687129506
0.71162949
0.727677675
0.476831084
0.490076971
0.499437103
0.515204321
0.530757926
0.539389018
0.553135578
0.567467167
0.57631989
0.598599396
0.610549497
0.629957104
0.641041851
0.658412123
0.66597836
0.677610929
0.693417919
0.705124578
0.715419344
0.784827625
0.59259163
0.610024768
0.630088928
0.639568695
0.652824847
0.665189342
0.678523432
0.700613382
0.700809353
0.725331147
0.732390296
0.746731186
0.749728173
0.761673463
0.764276903
0.787265884
0.799982872
0.807407664
0.828001365
0.842076363
0.239652473
0.252760762
0.263850641
0.275576866
0.28730309
0.300926167
0.311670608
0.329397222
0.338925742
0.349500833
0.362922807
0.373900106
0.390497396
0.403140935
0.417649251
0.430005086
0.439711938
0.458270869
0.467471593
0.484125976
0.357994649
0.367173884
0.386853158
0.391929176
0.410077562
0.423156985
0.433400753
0.449813939
0.458175931
0.47216497
0.487979978
0.500405736
0.513931948
0.522322486
0.538099967
0.561348747
0.568170549
0.580960666
0.594761431
0.611505941
0.357595328
0.372434327
0.385151315
0.397012251
0.411836816
0.420013099
0.434743688
0.44925425
0.456642476
0.4739656
0.485609074
0.493558595
0.507069092
0.518402732
0.533443796
0.55104468
0.563469474
0.575584435
0.590566163
0.607292711
0.483822878
0.488461087
0.504917252
0.515981792
0.530934012
0.542362591
0.553247516
0.571555629
0.582823839
0.600179358
0.61641293
0.626854274
0.647211911
0.656182024
0.665386596
0.683194678
0.699974148
0.716687547
0.728273608
0.746034862
0.357043978
0.371072148
0.381777459
0.393340749
0.412391374
0.422974805
0.438921637
0.447303513
0.461356701
0.477274666
0.483861045
0.495173196
0.510107454
0.513140685
0.521389455
0.538603206
0.554283184
0.560332966
0.575036613
0.594511896
0.47615208
0.492231697
0.500491693
0.513847915
0.534327753
0.538713541
0.55386943
0.568988433
0.60077465
0.605494327
0.628039405
0.628831631
0.63684113
0.659752171
0.670441125
0.682526578
0.687661613
0.718480479
0.733820793
0.748815991
0.477354851
0.490336128
0.503191997
0.518420693
0.529746956
0.538645545
0.551703478
0.569607781
0.584359539
0.596332732
0.615958122
0.625805777
0.639716877
0.65465755
0.67356288
0.673509317
0.698971839
0.693204627
0.700904292
0.716666378
0.596529987
0.608838032
0.627683063
0.64039075
0.656359713
0.670331432
0.679732619
0.700566553
0.712383547
0.727268412
0.741928438
0.751258741
0.763875979
0.787109364
0.805310992
0.815671189
0.836401845
0.844139358
0.865720614
0.881347027
0.367541772
0.37444472
0.385245933
0.401829112
0.409672147
0.426434619
0.437527063
0.449236288
0.460459914
0.47182178
0.489184354
0.502917443
0.512315743
0.532288493
0.544618029
0.550473122
0.570031477
0.579293142
0.592976518
0.611131639
0.482735571
0.48956026
0.502649627
0.525943631
0.537679798
0.54889669
0.55770098
0.566845896
0.586198336
0.591107891
0.615518067
0.621131003
0.638805336
0.657594238
0.664587956
0.687462434
0.71182931
0.727659714
0.733917656
0.757367539
0.481842634
0.495372696
0.502220157
0.518159611
0.529069555
0.541365733
0.560386529
0.5672728
0.587139384
0.597411699
0.614744766
0.624429805
0.632928432
0.651574284
0.66601717
0.683050025
0.697993584
0.71728348
0.732212606
0.749011001
0.599948425
0.612174041
0.628407613
0.63848171
0.648241483
0.656320582
0.680981899
0.699641863
0.712417225
0.733288045
0.732648812
0.747303064
0.762322639
0.771763276
0.785278264
0.807004174
0.828774347
0.825607689
0.839182975
0.859940253
0.479067919
0.492617867
0.504363657
0.516003924
0.533173733
0.548739527
0.555899388
0.570011912
0.584873684
0.597302648
0.614536606
0.633410503
0.646476455
0.657825812
0.667800159
0.693142724
0.698600422
0.721139727
0.732122799
0.753616495
0.607829949
0.602474246
0.634639897
0.640128385
0.646123963
0.661280814
0.679736789
0.695024501
0.705029961
0.712838676
0.743751519
0.753828824
0.765222763
0.779708307
0.798242221
0.811317154
0.822949402
0.838306715
0.851802779
0.869416171
0.596157609
0.615352886
0.62324692
0.645611102
0.651974246
0.672217379
0.681801707
0.691880616
0.714073202
0.724757345
0.732566382
0.748740939
0.762271962
0.780956945
0.791233108
0.813334283
0.824813538
0.829830861
0.853678461
0.868292622
0.731195543
0.729264371
0.746627267
0.761284727
0.770383136
0.788723645
0.807994616
0.824309336
0.837213957
0.860435474
0.861331941
0.870838008
0.893127458
0.895287957
0.916036575
0.932555284
0.948251618
0.95011383
0.968043792
0.988340809
0.241630471
0.250606678
0.267549084
0.274829223
0.285590984
0.301385144
0.314954978
0.324936702
0.340955701
0.355261309
0.366645947
0.378605349
0.398383731
0.404777987
0.416216509
0.427990203
0.437700582
0.456934349
0.465625098
0.487028666
0.358900416
0.369461395
0.380565707
0.396478219
0.408599595
0.417731039
0.430897062
0.444900535
0.453654791
0.469049951
0.483093838
0.492978057
0.502266664
0.514939711
0.53481239
0.542651577
0.555370489
0.575281337
0.588584957
0.598049008
0.354722147
0.368935383
0.378351644
0.393074856
0.404654503
0.416649827
0.431575747
0.448007536
0.460133081
0.469953794
0.48491307
0.498832509
0.514545523
0.525484011
0.540950376
0.548718359
0.562556651
0.57416324
0.591073892
0.603788956
0.47353581
0.490719091
0.496400344
0.517201884
0.530805075
0.542975523
0.551161108
0.567239122
0.578028468
0.593219958
0.604541731
0.615742906
0.629142106
0.651249376
0.653199148
0.663660057
0.686590985
0.682879391
0.707171856
0.716585872
0.358132567
0.372213659
0.388541849
0.394398547
0.409459497
0.424119523
0.437829519
0.446693789
0.458273435
0.469413028
0.47973249
0.498271857
0.511714999
0.52862469
0.532270853
0.54973446
0.565470245
0.571540555
0.59115087
0.605522872
0.484825829
0.485086911
0.50177465
0.515875307
0.529023689
0.54028805
0.551868338
0.562689116
0.575349333
0.590381738
0.608362055
0.625185467
0.638559329
0.648447398
0.662868153
0.671314177
0.687533637
0.701619219
0.711769973
0.734129344
0.477949502
0.488365828
0.500950671
0.521450396
0.525890067
0.54182888
0.549182468
0.572636842
0.580137969
0.594132782
0.61814877
0.630755424
0.629953256
0.648397042
0.663062842
0.678358572
0.700772469
0.707920462
0.716260964
0.728670042
0.598220283
0.619864083
0.623523396
0.638105484
0.655295501
0.661469409
0.681707089
0.694600163
0.71148195
0.716199381
0.737436486
0.747631501
0.759965847
0.776401486
0.791135923
0.799790429
0.829249361
0.83448639
0.854331487
0.873264401
0.35702762
0.370535872
0.384664754
0.397925395
0.408566879
0.425240827
0.433417752
0.449432581
0.46228909
0.470856675
0.489009551
0.500515428
0.509922388
0.526140244
0.541146989
0.549275162
0.569634402
0.582444404
0.590736796
0.604807624
0.47822213
0.488604137
0.503054078
0.516074807
0.52710214
0.538178227
0.552175926
0.567742362
0.578232458
0.593639165
0.60184271
0.617527178
0.629954217
0.656188438
0.659757303
0.67288195
0.696194237
0.702901535
0.721139086
0.730672738
0.476004539
0.488117897
0.501757009
0.511479577
0.524258467
0.547581979
0.549304991
0.567277931
0.576542803
0.592506634
0.609392591
0.615287456
0.626242624
0.645376962
0.658796689
0.674117438
0.689637366
0.700008147
0.7119637
0.728114842
0.602703896
0.600724935
0.625135752
0.636218254
0.655795212
0.667420083
0.677506689
0.700173649
0.702791842
0.733247632
0.739987966
0.750119476
0.76344683
0.773875344
0.792222588
0.813270776
0.823190598
0.849114343
0.866669681
0.881530169
0.482104037
0.493205782
0.507430886
0.514706854
0.527403636
0.540022477
0.553194274
0.566707336
0.577412327
0.591551794
0.603482971
0.615043053
0.624090785
0.641497942
0.658372031
0.672691111
0.680342986
0.703115147
0.71902798
0.722055117
0.59562871
0.609121566
0.622354623
0.639489153
0.652708097
0.659657232
0.67056493
0.694338119
0.70629271
0.722228637
0.728379773
0.744885974
0.760507576
0.774112691
0.787447743
0.806672209
0.815134271
0.828195413
0.84945144
0.865190753
0.596863556
0.610656624
0.625157884
0.64137574
0.656704187
0.685541206
0.685481228
0.693504518
0.710555334
0.727443215
0.733973785
0.740546693
0.769252209
0.784020646
0.802079224
0.819053704
0.834387603
0.857440733
0.86488573
0.881316236
0.725353599
0.735862298
0.755387616
0.774316681
0.778235794
0.799993777
0.812209771
0.829990269
0.834753566
0.859770903
0.857813111
0.877103328
0.887868938
0.910088787
0.922087961
0.928052747
0.948325389
0.954933578
0.983235925
0.962822479
0.359267342
0.37151605
0.38107472
0.397541791
0.40803766
0.421453218
0.433372207
0.444730543
0.458442145
0.469202303
0.490849953
0.503243956
0.513361032
0.526780119
0.540992072
0.547854287
0.564685076
0.579720687
0.597109562
0.606567199
0.47782281
0.491181597
0.508003405
0.517439873
0.529784803
0.546946595
0.560619065
0.571199931
0.579003194
0.598633395
0.604390663
0.6170852
0.642454066
0.652037753
0.671368703
0.674495268
0.69167438
0.708647257
0.722716481
0.73530774
0.477459733
0.494981394
0.504197835
0.518226646
0.525508387
0.542404607
0.548018826
0.56085545
0.582488988
0.590620688
0.604232217
0.614630903
0.636935427
0.64446927
0.670990551
0.679582513
0.693512858
0.702659056
0.724571637
0.735851072
0.596906535
0.613808528
0.626456236
0.6341033
0.652722851
0.665773729
0.683518304
0.697866892
0.7114255
0.719137353
0.740777946
0.7497657
0.765746209
0.786513109
0.798951696
0.820580102
0.837563883
0.84865761
0.861210059
0.883696763
0.478632355
0.491940786
0.50185708
0.510879474
0.534493575
0.545351238
0.558307177
0.567826716
0.585327208
0.594249852
0.604702742
0.619211058
0.633459897
0.645069373
0.660635808
0.674702145
0.685755459
0.706803969
0.752055136
0.76057397
0.599883315
0.616540905
0.625671387
0.63922775
0.65134239
0.661931594
0.672193003
0.687295328
0.700597666
0.713665222
0.729747726
0.742951275
0.757857629
0.7687015
0.781564424
0.802033679
0.816998407
0.823462906
0.849332124
0.855303647
0.602357497
0.608908274
0.629936578
0.638587875
0.654966743
0.664845189
0.679036936
0.692458587
0.706052156
0.730547328
0.751164764
0.750928059
0.767767828
0.787337409
0.790833787
0.811405999
0.822532441
0.847227435
0.861003182
0.87151156
0.731638483
0.735048262
0.759495002
0.771002163
0.78545467
0.789956244
0.809616916
0.829210551
0.848341682
0.854412954
0.869658971
0.890971769
0.903904615
0.921890706
0.923981926
0.945425586
0.966974448
0.940148464
0.950666144
0.96863748
0.482026738
0.493556671
0.503811023
0.51684009
0.52616494
0.548342452
0.55927613
0.575955851
0.576852638
0.592268646
0.601539933
0.625647011
0.631914576
0.646153151
0.660142831
0.671126224
0.687370381
0.712141711
0.7365227
0.73950814
0.598032329
0.620959728
0.629280666
0.634382985
0.649637661
0.673671932
0.679891385
0.692465323
0.710631029
0.726647781
0.758524767
0.74357832
0.753083105
0.773596301
0.790709341
0.814602806
0.81131138
0.813066786
0.831549382
0.839275348
0.597419076
0.612769974
0.625151148
0.641162448
0.661125255
0.671314177
0.684444919
0.702427161
0.711900194
0.727288298
0.743784876
0.747732214
0.774900748
0.790686568
0.801245943
0.809587087
0.828782366
0.860040324
0.868233606
0.868747751
0.718720071
0.735799112
0.751235007
0.760913632
0.782498418
0.78630944
0.812924378
0.819424799
0.837374968
0.849398197
0.864587443
0.867344517
0.878278195
0.903015205
0.922106885
0.934016572
0.943240069
0.964245278
0.974261321
0.985749558
0.610176477
0.614362444
0.629501654
0.64440833
0.651395953
0.672788936
0.689924748
0.696084545
0.726923297
0.724533789
0.745907849
0.763706308
0.780017179
0.780560511
0.795719608
0.808299319
0.829053711
0.851394799
0.847505516
0.885388341
0.719444941
0.731228258
0.747389343
0.763016077
0.771737617
0.804050166
0.798182563
0.821430381
0.820872936
0.845454709
0.856309806
0.873791053
0.891084028
0.906688631
0.937347769
0.947187085
0.954224744
0.966234823
0.981615871
1.000432036
0.722372007
0.736304597
0.756884506
0.767682191
0.789376669
0.802966068
0.821779987
0.838094386
0.845387033
0.849634582
0.871974066
0.88652023
0.888764763
0.918563358
0.939031971
0.960918893
0.961535353
0.941978281
0.958173685
0.968820302
0.860349837
0.867391666
0.880985234
0.905035541
0.911377197
0.924514994
0.935487802
0.947371511
0.973868096
0.995549744
1.002537688
1.015971529
1.043471386
1.048132689
1.071385959
1.090661101
1.106652516
1.10733152
1.147590703
1.160013894
0.242930747
0.253795467
0.265122372
0.286473338
0.292192117
0.307006098
0.319182962
0.332355721
0.341644006
0.356282222
0.369048284
0.380659363
0.387016093
0.395797611
0.412999816
0.428621739
0.442525141
0.447540861
0.465240211
0.476294487
0.360855001
0.377424708
0.383784325
0.39734646
0.410993272
0.42036527
0.431094317
0.444054746
0.463341756
0.470669364
0.484538447
0.496322084
0.510226769
0.525497804
0.555883672
0.554905738
0.571439201
0.577141944
0.601831806
0.613146522
0.354123006
0.370162531
0.38194264
0.393880553
0.417186424
0.430827462
0.442074503
0.450472417
0.461939805
0.475436189
0.492910702
0.498654178
0.516084108
0.530525711
0.540673578
0.554423026
0.572693292
0.583276081
0.599974084
0.614119003
0.473657691
0.491518373
0.501612356
0.514449622
0.5281083
0.540143075
0.550183175
0.566638378
0.576455242
0.593241769
0.603813974
0.62210605
0.631992194
0.649534062
0.668098447
0.673963162
0.69058098
0.7071648
0.715149602
0.734489534
0.360521112
0.369454981
0.386055158
0.3969558
0.403621081
0.416722315
0.432312485
0.44962759
0.458506613
0.477196726
0.483914609
0.498246198
0.513540325
0.534831955
0.538637525
0.555622269
0.568571152
0.582602208
0.592795942
0.606875108
0.478797216
0.490479499
0.499775803
0.510479191
0.526487925
0.534793146
0.553476203
0.559333543
0.577852703
0.588236955
0.596189041
0.616271164
0.622484202
0.637836062
0.647521103
0.668493276
0.674575454
0.693500028
0.70779377
0.715988977
0.480335801
0.486135407
0.501532813
0.517509152
0.528712572
0.538415253
0.55370457
0.57228884
0.588134639
0.595999164
0.61184368
0.624220684
0.641810662
0.650999199
0.671730817
0.686492519
0.698051959
0.705768623
0.72039882
0.731017853
0.599844185
0.61096293
0.623168018
0.638966989
0.648696291
0.662934225
0.684191856
0.697234395
0.711995774
0.723534046
0.734420896
0.73357639
0.744818619
0.759391404
0.771448631
0.801386106
0.804203159
0.819130681
0.831231529
0.845957949
0.357894578
0.37305207
0.381146245
0.397989543
0.40823299
0.424878712
0.435296
0.446368239
0.45714764
0.475542354
0.480546527
0.503481623
0.508371934
0.52056291
0.533100284
0.556458116
0.565209163
0.575499118
0.58987112
0.605636093
0.472849428
0.483508874
0.506843292
0.515040423
0.52710182
0.548577874
0.556283634
0.562318662
0.575887854
0.588157411
0.603180514
0.627477469
0.636088996
0.654858974
0.673664234
0.665838839
0.675126805
0.690555962
0.708125735
0.715688764
0.484011472
0.488472955
0.505375588
0.515644054
0.530388755
0.544389983
0.563442532
0.569819789
0.5788672
0.590017056
0.598448969
0.621646752
0.643509939
0.646823816
0.655543431
0.670035711
0.690581301
0.710259613
0.715169168
0.729180338
0.594232211
0.608514727
0.627284064
0.638418525
0.648373628
0.662457606
0.685164016
0.687531392
0.70154545
0.719291628
0.730368998
0.738368875
0.752873983
0.769583213
0.782595601
0.789590602
0.800924884
0.829934139
0.835924906
0.854650942
0.473144508
0.495359866
0.511291943
0.515508702
0.531347765
0.540678389
0.555046543
0.564939422
0.589529213
0.604301818
0.613652328
0.621911041
0.640356752
0.661093503
0.665257338
0.688878818
0.709882744
0.711981341
0.744424109
0.73722576
0.607385404
0.613599085
0.628004124
0.641085792
0.65266191
0.66503667
0.672624397
0.68664936
0.694570334
0.707827768
0.721914313
0.738818551
0.758567746
0.780478402
0.769649926
0.77993988
0.787864704
0.815486443
0.825398887
0.838626812
0.597132656
0.619002578
0.626411653
0.635228773
0.644853516
0.660448817
0.681616641
0.693697924
0.706412988
0.726018491
0.731896679
0.742106448
0.751703606
0.761579486
0.791362686
0.810303618
0.828345839
0.848859676
0.855735682
0.876993955
0.724675556
0.73986416
0.757514759
0.772114165
0.786085243
0.797528897
0.808775938
0.838815087
0.86152727
0.841875259
0.851918886
0.856261374
0.874324443
0.887368906
0.915508638
0.918037025
0.939685958
0.955208131
0.968796888
1.007110788
0.359513029
0.372221998
0.38593841
0.39465193
0.408716345
0.420628918
0.437766975
0.444301395
0.458942176
0.477227197
0.488177554
0.49372153
0.510969601
0.527250963
0.540996563
0.552205434
0.568576605
0.578596497
0.597317081
0.603580796
0.47453427
0.491653725
0.505886847
0.520139855
0.524277391
0.541628739
0.556480247
0.564890028
0.581367363
0.590912561
0.618211956
0.611493753
0.628077893
0.650499487
0.651509495
0.671230144
0.68105214
0.705029961
0.720105343
0.73408444
0.480428174
0.499239528
0.506049782
0.533644899
0.530874995
0.549475303
0.551718874
0.577085815
0.588173768
0.593239845
0.622659325
0.624111632
0.644498778
0.653169962
0.667876495
0.692186281
0.705286231
0.721576895
0.73948216
0.756809132
0.595279425
0.610156591
0.624339037
0.629653044
0.658483968
0.671558581
0.687725439
0.703076659
0.709949458
0.720182321
0.739618475
0.753056163
0.745203826
0.770135525
0.77948411
0.792216814
0.823557524
0.819492796
0.835577225
0.848917088
0.481522536
0.489137847
0.508344992
0.521726231
0.532997007
0.547676918
0.563334443
0.583729607
0.582211227
0.598468213
0.612014955
0.61933294
0.645492428
0.645674607
0.662827097
0.684364734
0.77983981
0.767818184
0.743761463
0.794947267
0.608085579
0.623371046
0.631093804
0.648979183
0.654893614
0.702609983
0.692661936
0.694540506
0.707857597
0.735462015
0.742742794
0.762000617
0.77216388
0.772844488
0.788360247
0.882074143
0.938284327
0.919197138
0.939345333
0.943210882
0.659893938
0.675507521
0.662661918
0.729776913
0.720471948
0.694010965
0.712606141
0.767799582
0.73753848
0.801711657
0.767139179
0.780548003
0.820990969
0.799493104
0.80570069
0.810439933
0.833221395
0.84741635
0.874168243
0.881818515
0.723604608
0.738471191
0.751877126
0.76933945
0.778100442
0.806910198
0.797585667
0.819767028
0.824971022
0.852119349
0.868100499
0.87890909
0.89738976
0.902543077
0.930797312
0.94937164
0.962767954
0.973659935
0.999388992
0.99704054
0.482206673
0.495932065
0.519620257
0.528194899
0.529731882
0.548930687
0.574844489
0.582204813
0.594300849
0.628079497
0.623608393
0.629093033
0.651946983
0.667615092
0.677660964
0.691243949
0.708143376
0.727975962
0.730352961
0.763976049
0.602743667
0.615287135
0.636657666
0.646076814
0.666160861
0.673131486
0.67983718
0.703021812
0.707870427
0.730033183
0.73492157
0.759700918
0.782089796
0.788957142
0.816564447
0.824882497
0.83246413
0.846207804
0.872849363
0.877263697
0.607866513
0.608757848
0.625757346
0.629326531
0.649389088
0.663111914
0.673475318
0.69964956
0.699767913
0.724961655
0.745451437
0.747607125
0.763801889
0.774234892
0.795726984
0.805723784
0.83210811
0.840215435
0.839265404
0.842119021
0.731791156
0.73636201
0.746128838
0.762408597
0.788852902
0.79128635
0.818179689
0.833427309
0.839642273
0.852406731
0.867639597
0.888269862
0.909993527
0.918563037
0.935586911
0.946629962
0.961802208
0.989065681
0.990420162
1.016320172
0.596845594
0.617659964
0.62998982
0.656895347
0.685427985
0.673152976
0.686482575
0.702146194
0.717278348
0.731052814
0.732726751
0.760713491
0.75700318
0.772171257
0.784639993
0.811951576
0.824881856
0.829664398
0.849899833
0.855998048
0.724067435
0.736582999
0.760233345
0.781354662
0.795294949
0.807454813
0.822782297
0.826157115
0.846551637
0.870824216
0.883914545
0.885966955
0.913992183
0.94089739
0.954675063
0.960016332
0.981902933
0.985330031
1.000986593
1.026614937
0.733466376
0.75597489
0.763708233
0.787596246
0.790333113
0.793637368
0.816346665
0.81549382
0.849841138
0.855972067
0.887316625
0.885078828
0.904566941
0.919641683
0.930676394
0.943494415
0.967444972
0.96668899
0.989454095
1.018531027
0.857998176
0.870789897
0.882935649
0.907944004
0.918578753
0.922739382
0.946945569
0.962936342
0.976801897
0.994597149
0.9899939
1.019667406
1.036294205
1.034262643
1.037218575
1.06260829
1.067792397
1.078393148
1.094176724
1.128098741
0.364376397
0.375917876
0.387659496
0.398993777
0.409624357
0.420693387
0.436622257
0.456856731
0.465581478
0.473596108
0.493621139
0.500522484
0.515988527
0.52953591
0.54674934
0.55699824
0.571568138
0.583435168
0.600147283
0.613760096
0.476833329
0.49397748
0.503760988
0.520453217
0.528986162
0.551106262
0.565697008
0.567503411
0.583184671
0.594571553
0.616993148
0.625209843
0.637186566
0.656641001
0.664395512
0.66057615
0.678120263
0.697601641
0.713154605
0.720329541
0.478872268
0.493220856
0.507201557
0.516394904
0.530805395
0.542759666
0.555086955
0.573601626
0.581457491
0.588746609
0.611973258
0.623236977
0.632669916
0.6433284
0.659288382
0.676210582
0.685357422
0.699636089
0.70993727
0.733905468
0.601982874
0.614532115
0.626461368
0.638082069
0.656072972
0.670249323
0.681818386
0.69641683
0.712896088
0.727963133
0.744908747
0.751948971
0.777704649
0.783689642
0.794160173
0.797933991
0.803275261
0.824511081
0.832202728
0.849488004
0.477945652
0.493737888
0.505129261
0.517216959
0.52326193
0.543638491
0.549592373
0.572299103
0.581359665
0.598255243
0.616066853
0.631286248
0.646854608
0.655006835
0.672698167
0.691383791
0.706930019
0.70179306
0.729738424
0.739384334
0.600363141
0.619304073
0.668023714
0.644744464
0.657553825
0.66759264
0.67545909
0.688598812
0.71108295
0.720912323
0.725887629
0.750744917
0.773694768
0.77368258
0.794402011
0.793188334
0.8069721
0.823321459
0.836348923
0.847469592
0.613584652
0.620318571
0.627455659
0.642953136
0.663878481
0.671990937
0.683542359
0.705836619
0.716129781
0.730227231
0.752168678
0.766131738
0.776531706
0.792918912
0.81390167
0.831542005
0.828983468
0.846814323
0.8698976
0.867865397
0.729814439
0.750471005
0.753203382
0.766608036
0.783683869
0.799449483
0.821606467
0.816055754
0.834818997
0.850703285
0.851982072
0.874061758
0.884412973
0.893780162
0.917164293
0.92818842
0.955234432
0.973256446
0.984726721
1.006811538
0.492508174
0.494009554
0.511464181
0.522540267
0.533399855
0.550423729
0.559653641
0.574183767
0.586453645
0.601421901
0.605885949
0.62461808
0.635310241
0.650910675
0.667376783
0.683410215
0.690646733
0.701755213
0.730767355
0.740122355
0.602529092
0.611454302
0.632412363
0.647894444
0.661226609
0.667976244
0.688401878
0.689187369
0.704100779
0.720469703
0.740114016
0.75158814
0.76828454
0.783164913
0.795762265
0.815314526
0.824174946
0.835227619
0.850550934
0.862194729
0.606635837
0.617143574
0.643494864
0.644975716
0.653037818
0.663435219
0.683563848
0.698410866
0.716998022
0.73271745
0.737816882
0.74536131
0.763497827
0.786441905
0.803686448
0.809328251
0.82950499
0.842894889
0.863600207
0.876255934
0.731582675
0.74482343
0.765431565
0.772714589
0.78622669
0.796852458
0.813522236
0.833881156
0.840429367
0.8620783
0.881577318
0.899811983
0.90532132
0.92013081
0.937955249
0.964631127
0.969356258
0.986321115
1.005692479
1.022549248
0.611001418
0.62725648
0.637574339
0.64839159
0.66115765
0.665006841
0.68929225
0.704570661
0.708940412
0.732264566
0.749986369
0.770988691
0.775623052
0.795669893
0.809767342
0.819378934
0.837577675
0.820491578
0.829927725
0.844281124
0.72883362
0.742752416
0.758435921
0.774705096
0.791253314
0.80012496
0.829786278
0.833025424
0.841625725
0.861579551
0.878195124
0.885110581
0.903178461
0.91453359
0.937639
0.956854164
0.952468056
0.978715106
0.995239589
1.009522426
0.725358089
0.744990214
0.745880587
0.767136293
0.784264728
0.802244405
0.816139788
0.838330771
0.845853708
0.836420128
0.85735317
0.877708241
0.898372184
0.9036987
0.904222146
0.921133762
0.938153145
0.962029291
0.969612207
1.007193539
0.859069446
0.861443878
0.873717925
0.891608757
0.91274547
0.930474008
0.96443708
0.968352344
1.006274621
0.994352424
1.025384903
1.023386056
1.052627527
1.059578587
1.071356772
1.103435501
1.109491378
1.116794609
1.109439097
1.103366222
0.483006275
0.497351336
0.513198097
0.530212348
0.535884942
0.545627074
0.572416494
0.577609261
0.589288017
0.597168258
0.614108418
0.628574077
0.6455415
0.655390118
0.682449921
0.696140353
0.693367242
0.713327163
0.732071161
0.749819264
0.610212079
0.609966072
0.629179312
0.638810789
0.644988225
0.667907606
0.674781048
0.694278783
0.70228347
0.731205165
0.733504865
0.752105813
0.758501352
0.788915446
0.800062416
0.8155631
0.834975198
0.811500938
0.824673054
0.842828175
0.599604593
0.6216243
0.629691212
0.646601543
0.654757941
0.67356737
0.680299365
0.711346919
0.719852601
0.725720525
0.74866781
0.759681352
0.774096012
0.794730127
0.814356478
0.822455784
0.841287024
0.859567875
0.879324767
0.888158245
0.722495492
0.739139611
0.75787944
0.779647367
0.77369573
0.801710694
0.814922583
0.819066854
0.837552979
0.868135139
0.855225387
0.875329961
0.888239712
0.909447629
0.913429927
0.924123051
0.94128388
0.952454585
0.969975605
0.977663723
0.609367573
0.616159225
0.630364764
0.646221468
0.656225002
0.670517782
0.682182746
0.700550838
0.711231773
0.724415116
0.77141752
0.773452931
0.773298655
0.787776502
0.807078265
0.817113552
0.839476772
0.861062519
0.86910345
0.884682074
0.724229087
0.736672806
0.742273553
0.769335922
0.777079207
0.793982163
0.803133814
0.813052674
0.830996428
0.85125656
0.868993437
0.866513481
0.889277946
0.924676326
0.933620138
0.941744782
0.960194021
0.974938723
0.99746167
0.984966954
0.720065893
0.734536362
0.747150072
0.75849141
0.778695092
0.789507531
0.831936835
0.835260335
0.854690394
0.854754542
0.857805092
0.885170238
0.902406122
0.920817513
0.928769279
0.938244877
0.955764292
0.934219279
0.960894837
0.978876117
0.860326743
0.858143793
0.887967726
0.895431968
0.902068704
0.919295606
0.933966857
0.946754729
0.966237069
0.977029301
0.996465454
1.007983198
1.028791794
1.05954074
1.056152452
1.081273065
1.113512164
1.120507165
1.132525584
1.155791684
0.611318629
0.622850166
0.633288623
0.64254291
0.66077533
0.668734793
0.682773868
0.697318749
0.710543467
0.727218377
0.724319215
0.744468372
0.766545491
0.779816075
0.790679833
0.805675672
0.822707885
0.837676783
0.854080989
0.863172341
0.725854273
0.741156419
0.752942622
0.774613686
0.776279926
0.812786781
0.820244288
0.823952033
0.842549133
0.852459011
0.885770983
0.889118859
0.90006665
0.917151144
0.932208245
0.946682563
0.964625033
0.996265954
1.011453596
1.025307926
0.729579338
0.743570623
0.751008243
0.773487571
0.783958102
0.800494772
0.809520373
0.835256485
0.846653311
0.876551336
0.884649038
0.901386813
0.926400941
0.931476317
0.947630346
0.957268559
0.972957196
0.985522796
1.003122076
1.039401526
0.879707088
0.884188136
0.889552178
0.902620054
0.901953558
0.942899444
0.951374656
0.958668265
0.981447804
1.004149724
1.009937462
1.011030541
1.008103476
1.028354948
1.039453486
1.046257968
1.07223271
1.079015382
1.106125861
1.119764654
0.732001881
0.738712707
0.742339626
0.770556335
0.779614651
0.789694521
0.815964985
0.827062241
0.833189001
0.849006254
0.883588994
0.897644107
0.919192007
0.925669655
0.935456049
0.948255146
0.97105842
0.980765592
0.986506823
1.029942928
0.859898236
0.866051297
0.88222008
0.893129702
0.914965947
0.916719428
0.943231729
0.962716956
0.970383906
1.003677596
0.992811272
1.011237419
1.027746185
1.049020495
1.07664993
1.080486613
1.101423183
1.106096354
1.122601914
1.135165267
0.852035957
0.873091522
0.879367746
0.896260758
0.917051714
0.937926703
0.946697637
0.95059943
0.985855722
0.98487811
0.986161708
0.993994158
1.022698392
1.045696354
1.055861541
1.062541576
1.070412194
1.090658536
1.101965554
1.143218386
0.986685795
0.986739359
0.995749564
1.021441415
1.043126591
1.042720535
1.069567047
1.071741659
1.099987555
1.102649049
1.12877518
1.155009722
1.15392851
1.182291476
1.202024955
1.187046434
1.191386357
1.205465203
1.219464186
1.240927411
0.120206633
0.131940555
0.147472671
0.156455614
0.170596684
0.184630306
0.19665995
0.207621212
0.218000012
0.231503453
0.248363107
0.258609121
0.271110893
0.287933663
0.29376823
0.307566751
0.319065251
0.334783716
0.344037041
0.366229948
0.237935235
0.249754474
0.272519901
0.278853537
0.287344144
0.307010909
0.314318952
0.325212538
0.346047435
0.357366962
0.367933715
0.385091658
0.388102757
0.402974471
0.419528462
0.427842984
0.439503136
0.454109278
0.467732996
0.49677593
0.24217669
0.252592374
0.264836913
0.277300518
0.283625494
0.304160821
0.311556105
0.325522051
0.339258028
0.34925643
0.363957191
0.382074784
0.387581556
0.401339984
0.421520573
0.425141077
0.439689807
0.450513792
0.448716691
0.469133665
0.363903306
0.374493152
0.377984077
0.40298698
0.410993272
0.421692168
0.42786704
0.445514751
0.458701622
0.472608873
0.48251362
0.505790625
0.508064666
0.522649639
0.541807711
0.552931589
0.570651146
0.576455884
0.593365895
0.60484515
0.240503393
0.25896899
0.26688323
0.275760649
0.286091658
0.305211563
0.312609733
0.323522242
0.340555738
0.352568704
0.366696303
0.375369411
0.403152802
0.400889346
0.4183645
0.425753689
0.441182527
0.458942177
0.471251185
0.470093316
0.360167335
0.367539526
0.380933915
0.392757645
0.410314587
0.420944205
0.433670494
0.437603078
0.452296781
0.464978168
0.482596692
0.498484828
0.521972238
0.52979218
0.524410498
0.536876667
0.554433289
0.571439522
0.585008394
0.589612284
0.362394228
0.376516696
0.384351712
0.404841494
0.412952988
0.419277644
0.432664015
0.449625024
0.454411736
0.470517653
0.490421765
0.506288092
0.514040678
0.525677418
0.540643749
0.548075918
0.566221416
0.58347943
0.594252418
0.609193411
0.47644299
0.484515032
0.499969529
0.519736686
0.531222998
0.537394019
0.562063995
0.568123079
0.579413741
0.599431073
0.607817761
0.625833361
0.627349495
0.647921386
0.654188309
0.669954885
0.68966912
0.691556348
0.701680481
0.732612889
0.239077067
0.254393646
0.265947312
0.277333554
0.294530628
0.301710695
0.319283995
0.32777364
0.343421543
0.353591862
0.369189088
0.382524782
0.391274868
0.399864584
0.416391954
0.430651697
0.446758898
0.455502569
0.470176387
0.486152086
0.355619575
0.374680464
0.382915442
0.394733398
0.411543018
0.418102776
0.438114656
0.44417342
0.460148156
0.475574107
0.485665845
0.502379563
0.512321837
0.52462411
0.541286831
0.573029106
0.594872407
0.594749243
0.594670021
0.615650212
0.359916838
0.365183697
0.376680594
0.393007822
0.402556227
0.414907251
0.427440777
0.446058725
0.456672305
0.465010882
0.48070818
0.493442167
0.514797302
0.51840626
0.532065901
0.545184774
0.550600136
0.556708613
0.565943015
0.586835003
0.478943793
0.484674761
0.502171083
0.517545717
0.534615135
0.54734335
0.557595457
0.568350804
0.589318487
0.602357497
0.620123241
0.617122726
0.645955575
0.648047436
0.678803117
0.674596943
0.680320213
0.701455322
0.725441802
0.750840176
0.357412828
0.370045783
0.384084216
0.398241964
0.412106878
0.428098934
0.436937864
0.445608407
0.457998562
0.47341457
0.490251774
0.501237412
0.510215864
0.522777293
0.543997399
0.559761088
0.572175298
0.579148168
0.59154602
0.605414142
0.485756293
0.490685092
0.503953752
0.514850545
0.529537835
0.540202733
0.552562738
0.571870275
0.582007237
0.598169926
0.617333773
0.627293044
0.640995023
0.654928254
0.669465758
0.687820699
0.695130346
0.712979802
0.731528791
0.745667615
0.478804592
0.490205908
0.500981783
0.518501519
0.530861845
0.5519822
0.561476401
0.568860459
0.583784453
0.601962346
0.613814943
0.634636689
0.652046733
0.650757682
0.67010467
0.674149191
0.68424574
0.715781458
0.740892771
0.743784877
0.597348834
0.612312279
0.625709555
0.646886681
0.650676856
0.667072723
0.685907811
0.698757264
0.702500611
0.712938106
0.734169116
0.750847232
0.752231222
0.776657116
0.792956439
0.804710247
0.820373866
0.833796801
0.82835482
0.862610406
0.23841891
0.256522712
0.267874314
0.278829161
0.292897102
0.304025148
0.319726935
0.333519362
0.339020039
0.353807398
0.375310074
0.37786797
0.387499126
0.407182569
0.419836692
0.443507566
0.451369204
0.456082145
0.470243743
0.482974522
0.365982658
0.370676355
0.388436005
0.396929179
0.41537521
0.422955881
0.430354693
0.442915481
0.463203838
0.475539788
0.480499058
0.501292258
0.516270137
0.525995912
0.5337408
0.542394023
0.550701489
0.569473392
0.583669308
0.595652124
0.361170608
0.372126738
0.382905179
0.397689331
0.408890505
0.424610574
0.438615972
0.449972384
0.458870652
0.480645315
0.492756747
0.509772923
0.514636933
0.530103618
0.561590584
0.559769427
0.577282749
0.594872407
0.597335363
0.616046966
0.480014421
0.492769255
0.502948876
0.519676066
0.529347636
0.547839854
0.551463245
0.563267088
0.585253118
0.596473858
0.615162689
0.62149408
0.62908758
0.645543746
0.660670768
0.677530103
0.682121164
0.700862275
0.712076921
0.731943186
0.359407826
0.377291922
0.383236823
0.399044774
0.4070052
0.424324476
0.432892061
0.446312751
0.455808234
0.473957903
0.481339715
0.497455255
0.51667074
0.518528461
0.541753186
0.54795115
0.569376207
0.57237159
0.585876955
0.603674452
0.474893498
0.493970424
0.508566623
0.520260453
0.534240833
0.54587693
0.550949099
0.584573151
0.587866822
0.595408361
0.596634227
0.614591131
0.641665689
0.658752427
0.666752304
0.677132387
0.701785042
0.709511649
0.718424991
0.735580048
0.481976061
0.494049647
0.497959458
0.544798284
0.527727262
0.548261946
0.553996763
0.562342397
0.576621384
0.595272048
0.602360705
0.621156342
0.629559709
0.635886931
0.655796815
0.677048353
0.686120781
0.698472769
0.704968379
0.727860175
0.601802298
0.613307213
0.628590755
0.638062184
0.655473189
0.670265681
0.672380315
0.691561801
0.709789088
0.717628275
0.735194519
0.749756078
0.775160867
0.773858024
0.782039761
0.797808902
0.827260137
0.84873587
0.86091562
0.864162143
0.361981758
0.374141942
0.383955599
0.3988039
0.41528412
0.428226267
0.438398832
0.449956348
0.458203514
0.470831978
0.48114695
0.498571428
0.510674842
0.526054606
0.539633421
0.551329817
0.564574421
0.572856228
0.589946495
0.601408109
0.478421309
0.492647054
0.511017712
0.520608134
0.528927788
0.540217487
0.552348805
0.573774183
0.582970096
0.599379113
0.609697934
0.616123303
0.633670944
0.657921713
0.66437274
0.678532092
0.70385413
0.712754322
0.717212918
0.72638253
0.477968425
0.49293187
0.503997693
0.52008116
0.53650044
0.542489283
0.558796305
0.571261191
0.600551736
0.590745135
0.604144977
0.627224086
0.632329933
0.646401082
0.654030504
0.666396604
0.677148424
0.697584962
0.705914238
0.721136841
0.606379246
0.614518644
0.625326272
0.642999964
0.654006129
0.671728252
0.683206546
0.689261781
0.710488621
0.717942599
0.747308517
0.740438283
0.759982847
0.786248179
0.78797087
0.854720222
0.829603136
0.850834788
0.856929153
0.871263949
0.481778807
0.491053622
0.504023673
0.526528017
0.525294134
0.54752136
0.559376842
0.573405975
0.591971
0.592104749
0.628362068
0.621816103
0.624689605
0.646557602
0.658869176
0.667638186
0.685062021
0.701149978
0.709374373
0.717153581
0.599023414
0.611797814
0.622377716
0.647151932
0.650209539
0.669108454
0.683232525
0.690471609
0.711560852
0.725470989
0.723681906
0.744718549
0.773273637
0.787162607
0.789809667
0.806358205
0.833019651
0.836771016
0.854820934
0.873369281
0.601483483
0.609797363
0.620761191
0.632082001
0.646870323
0.665035066
0.673873676
0.695316053
0.702674452
0.726519486
0.714202139
0.740968787
0.752971168
0.75925509
0.773220716
0.7919676
0.819724369
0.827243137
0.838433728
0.850192668
0.71353885
0.731135244
0.737743112
0.757408594
0.763510016
0.789525813
0.815249416
0.809318307
0.830218314
0.836552593
0.858039232
0.881228996
0.89617031
0.901020848
0.905685359
0.932111702
0.950780648
0.959754929
0.991003587
1.011670095
0.241972379
0.255924534
0.267361452
0.277421758
0.299536082
0.303859006
0.317569323
0.326239545
0.338998229
0.353902658
0.368801635
0.383260878
0.389855597
0.405739563
0.413501452
0.429812322
0.45110748
0.459522394
0.46596444
0.486883691
0.36260784
0.373443052
0.384286923
0.395075307
0.40113407
0.422203427
0.433770245
0.451927289
0.4588482
0.474588476
0.49093142
0.509775489
0.513545136
0.519143318
0.530982122
0.551775965
0.562704191
0.571281398
0.58790499
0.59577208
0.357236421
0.375622154
0.379082288
0.395601639
0.403443392
0.418725973
0.432402612
0.44995731
0.459726384
0.474208721
0.482281405
