5000
10000
15000
20000
2000
7000
12000
17000
22000
4000
9000
14000
19000
24000
6000
11000
16000
21000
26000
8000
13000
18000
23000
5000
10000
15000
20000
25000
7000
12000
17000
22000
27000
9000
14000
19000
24000
29000
11000
16000
21000
26000
31000
13000
18000
23000
28000
10000
15000
20000
25000
30000
12000
17000
22000
27000
32000
14000
19000
24000
29000
34000
16000
21000
26000
31000
36000
18000
23000
28000
33000
15000
20000
25000
30000
35000
17000
22000
27000
32000
37000
19000
24000
29000
34000
39000
21000
26000
31000
36000
41000
23000
28000
33000
38000
20000
25000
30000
35000
40000
22000
27000
32000
37000
42000
24000
29000
34000
39000
44000
26000
31000
36000
41000
46000
5000
