0.190479627
0.220861647
0.427519679
0.601502086
0.632320311
0.736867815
0.630878268
0.835382216
0.628638867
0.634506469
0.666887656
0.598012443
0.643431678
0.958945063
1.065540808
0.9523744
0.955475306
0.63388199
0.843659211
0.755482235
0.861152006
0.855851149
0.848662742
1.182478788
1.285522987
1.177180497
0.846466961
1.052625603
1.276408863
1.196170503
0.964894775
0.852441692
0.851142377
1.294331448
1.17734632
0.851537848
0.961046867
0.977781755
0.849225639
0.965524386
0.809912637
0.847479856
0.848923504
1.39749817
1.066858405
1.178846737
1.073098706
1.175295833
1.180061698
1.175353567
1.066567173
0.843334302
1.508466873
1.063034552
1.209600814
1.182939048
1.295752323
1.295372568
1.167384481
1.279188389
0.95555902
1.075134758
1.423005596
1.408473224
1.632557978
1.415065377
1.188067668
1.522170455
1.408508826
1.404892492
0.745072644
1.182034244
1.174698297
1.174896834
1.169621316
1.06202262
1.286906977
1.059010558
1.4284139
1.194888829
1.070444269
1.514924315
1.393988001
1.508441855
1.511144725
1.614341597
1.532680437
1.515990452
1.187226369
1.301949966
1.185676237
1.513149665
1.512570089
1.397330423
1.404917509
1.42047336
0.410570537
1.299485727
1.40585503
1.407076404
1.516411262
1.688042009
1.539150709
1.64782356
2.015535965
1.755222757
1.07365134
1.290668927
1.290125274
1.430164174
1.634213955
1.409726994
1.511481821
1.520605569
1.525328453
1.418226902
