0.241011766
0.232974362
0.2414778
0.233833302
0.469451838
0.231482604
0.351271955
0.233735476
0.463042827
0.455052572
0.237075654
0.225181683
0.460528873
0.341017924
0.465842559
0.233857998
0.465353753
0.454925881
0.460925948
0.453731768
0.693114499
0.232692753
0.354070084
0.232262642
0.464763272
0.455248223
0.350736321
0.346495828
0.575529268
0.455669033
0.575342919
0.232460859
0.46760438
0.453034482
0.483025199
0.456668457
0.707901538
0.458222438
0.583793433
0.454999329
0.688368522
0.684001658
0.24067082
0.232749524
0.462741333
0.341802772
0.463758396
0.230581648
0.471659165
0.453413274
0.463082919
0.454389925
0.689004227
0.363882458
0.468592898
0.344630409
0.580067727
0.566401672
0.469372936
0.458092859
0.694910959
0.568928776
0.685829871
0.235781792
0.4628228
0.456031468
0.462816064
0.459977844
0.692284426
0.454781227
0.57303552
0.458664417
0.69636487
0.681292053
0.463482561
0.458727281
0.698313681
0.570655635
0.688951946
0.457362536
0.691143878
0.692229901
0.694822435
0.675317965
0.927449438
0.22978397
0.351996826
0.231295613
0.459152261
0.473374157
0.357017036
0.348126145
0.578338622
0.453565625
0.577948925
0.234528664
0.469682769
0.454988424
0.46503558
0.452560429
0.687749174
0.460592059
0.581910054
0.455331295
0.686013654
0.68384193
0.350827732
0.344115623
0.588881641
0.461899391
0.595687405
0.345026201
0.576630045
0.569019545
0.583083638
0.571977402
0.811446412
0.456889766
0.578800486
0.464257787
0.707881652
0.687176334
0.588045473
0.581282367
0.814213108
0.68200217
0.821687935
0.236436421
0.463062071
0.45775929
0.470717154
0.459541959
0.693728073
0.455411801
0.568528814
0.458864558
0.707089106
0.686519139
0.465401543
0.457005233
0.701322216
0.57298292
0.688866309
0.483358447
0.711285978
0.68301795
0.689301873
0.688461215
0.937009069
0.45483062
0.580274925
0.458802655
0.702751429
0.685050475
0.581268896
0.57166436
0.822211382
0.679190891
0.809492789
0.462503986
0.72406936
0.688282884
0.707937782
0.683873683
0.94207354
0.69100596
0.832909637
0.693085312
0.9506995
0.911612939
0.240300686
0.233478563
0.459279594
0.345380618
0.465881689
0.231866529
0.462689373
0.470539785
0.465694378
0.458802655
0.693549743
0.344067512
0.465238607
0.342328784
0.577918775
0.572292047
0.466880151
0.459417512
0.689011604
0.584292824
0.693646926
0.234366691
0.460149118
