1500
2000
2500
4000
5500
4000
3500
3000
4500
5000
2500
4000
5500
5000
5500
4000
5500
6000
6500
8000
9500
6000
3500
3000
4500
5000
3500
5000
6500
6000
6500
3000
4500
5000
5500
7000
8500
7000
6500
6000
7500
8000
2500
4000
5500
5000
5500
4000
5500
6000
6500
8000
9500
7000
5500
5000
6500
7000
5500
7000
8500
8000
8500
4000
5500
6000
6500
8000
9500
8000
7500
7000
8500
9000
6500
8000
9500
9000
9500
8000
9500
10000
10500
12000
13500
8000
3500
3000
4500
5000
3500
5000
6500
6000
6500
3000
4500
5000
5500
7000
8500
7000
6500
6000
7500
8000
3500
5000
6500
6000
6500
5000
6500
7000
7500
9000
10500
8000
6500
6000
7500
8000
6500
8000
9500
9000
9500
3000
4500
5000
5500
7000
8500
7000
6500
6000
7500
8000
5500
7000
8500
8000
8500
7000
8500
9000
9500
11000
12500
9000
6500
6000
7500
8000
6500
8000
9500
9000
9500
6000
7500
8000
8500
10000
11500
10000
9500
9000
10500
11000
2500
4000
5500
5000
5500
4000
5500
6000
6500
8000
9500
7000
5500
5000
6500
7000
5500
7000
8500
8000
8500
4000
5500
7000
6500
8000
9500
8000
7500
7000
8500
9000
6500
8000
9500
9000
9500
8000
9500
10000
10500
12000
13500
9000
5500
5000
6500
7000
5500
7000
8500
8000
8500
5000
6500
7000
7500
9000
10500
9000
8500
8000
9500
10000
5500
7000
8500
8000
8500
7000
8500
9000
9500
11000
12500
10000
8500
8000
9500
10000
8500
10000
11500
11000
11500
4000
5500
6000
6500
8000
9500
8000
7500
7000
8500
9000
6500
8000
9500
9000
9500
8000
9500
10000
10500
12000
13500
10000
7500
7000
8500
9000
7500
9000
10500
10000
10500
7000
8500
9000
9500
11000
12500
11000
10500
10000
11500
12000
6500
8000
9500
9000
9500
8000
9500
10000
10500
12000
13500
11000
9500
9000
10500
11000
9500
11000
12500
12000
12500
8000
9500
10000
10500
12000
13500
12000
11500
11000
12500
13000
10500
12000
13500
13000
13500
12000
13500
14000
14500
16000
17500
10000
3500
3000
4500
5000
3500
5000
6500
6000
6500
3000
4500
5000
5500
7000
8500
7000
6500
6000
7500
8000
3500
5000
6500
6000
6500
5000
6500
7000
7500
9000
10500
8000
6500
6000
7500
8000
6500
8000
9500
9000
9500
3000
4500
5000
5500
