0.198422091
0.240797833
0.17995425
0.235149615
0.306784147
0.24115706
0.296741161
0.252722916
0.301282828
0.470978556
0.180185823
0.233606539
0.296210659
0.351153923
0.399577522
0.23499117
0.297981781
0.457579998
0.292656548
0.235948256
0.290932895
0.23679597
0.292156195
0.2344488
0.298032778
0.461019283
0.293328496
0.233852225
0.307254992
0.459927487
0.52697192
0.232961853
0.294795237
0.45898708
0.298157546
0.235115938
0.300401117
0.476719467
0.527394654
0.458347526
0.296140738
0.690283976
0.182706192
0.236059873
0.297946179
0.353463246
0.407734241
0.233054867
0.296842195
0.459514055
0.293148241
0.228406073
0.301712619
0.353096641
0.406677084
0.349504041
0.298412213
0.573576929
0.40967375
0.234225245
0.299029315
0.575633829
0.630130945
0.247437775
0.40217551
0.469951228
0.392879846
0.232875895
0.297900313
0.476711127
0.551809643
0.465592062
0.298227467
0.687975937
0.394795301
0.232273227
0.296422668
0.584513493
0.63353527
0.233149486
0.299882481
0.687916279
0.296443195
0.235875127
0.299241644
0.241822915
0.292526969
0.233177711
0.295166973
0.462169775
0.297020525
0.235282722
0.300896659
0.460608738
0.517457834
0.23425764
0.301923344
0.464033911
0.295296231
0.235011056
0.302424339
0.468125902
0.543984248
0.456831392
0.29693168
0.694940147
0.295045093
0.23462232
0.300221181
0.461648574
0.515275204
0.236538737
0.300977164
0.575632867
0.290869069
0.234777558
0.29752601
0.462705089
0.524548094
0.465275813
0.297516388
0.682876184
0.521266933
0.234316655
0.300153826
0.698288023
0.740825416
0.236831572
0.295242668
0.470586612
0.295866185
0.236246543
0.29631939
0.46766115
0.518696208
0.4657303
0.301276413
0.693235738
0.292309188
0.232458293
0.297582139
0.584721332
0.640599551
0.22935482
0.295280194
0.696808774
0.291066964
0.233992067
0.30111861
0.463519446
0.523740152
0.463480315
0.296855986
0.690894022
0.527111442
0.235117221
0.29474905
0.696226632
0.753960327
0.467442727
0.307500037
0.695771503
0.291945148
0.235088033
0.296200074
0.699525114
0.753072842
0.68645403
0.29897928
0.924362323
0.180392058
0.236315181
0.291320028
0.344786609
0.406522808
0.235788207
0.294681053
0.461922164
0.296741161
0.233730665
0.297181215
0.353997597
0.407367635
0.347344504
0.298017703
0.577412969
0.405844766
0.23239222
0.290225666
0.577461722
0.633742468
0.23634501
0.301455066
0.23894813
0.289733972
0.231896678
0.292024692
0.468872262
0.521742268
0.4627532
0.303313108
0.691548971
0.292560647
0.232718092
0.294314449
0.581896903
0.636736568
0.23284318
0.297080504
0.695293602
0.293087621
0.231421343
0.297255627
0.351054815
0.405855991
0.346250783
0.295739173
0.58770549
0.40854956
0.233748306
0.297613893
0.572115961
0.638550028
0.347039161
0.296416894
0.575838139
0.290633646
0.234018689
0.298216241
0.580063879
0.644532135
0.577464929
0.300446982
0.803504268
0.409891532
0.234065517
0.306466294
0.591818649
0.637183999
0.232564137
0.304569764
0.695941495
0.294577455
0.23241371
0.297210082
0.576911012
0.640545346
0.575318862
0.299247738
0.858421232
0.668674174
0.238526678
0.315111498
0.823893659
0.883964901
0.235204783
0.29904471
0.465334188
0.292665208
0.234759276
0.293497205
0.467475443
0.524137227
0.459890923
0.29673603
0.686019748
0.293065811
0.236485814
0.299757713
0.581547297
0.632556695
0.232797956
0.293179353
0.69272448
0.303943039
0.239300942
0.303393934
0.471339709
0.524227676
0.458360677
0.299048559
0.707697227
0.525817901
0.2331296
0.294615623
0.693885556
0.758793867
0.460086574
0.297923085
0.689280062
0.297482069
0.232190475
0.293620369
0.70321169
0.746758129
0.686994475
0.303169096
0.925313314
0.298727179
0.232259114
0.296746293
0.580575778
0.638060259
0.233957107
0.295420999
0.693787731
0.295986141
0.235261553
0.314578431
0.582865214
0.632663502
0.578254268
0.297310153
0.820539368
0.64665639
0.237625721
0.296174415
0.812195979
0.881267805
0.234816688
0.298657899
0.697329333
0.180147014
0.29441067
0.299632305
0.698877541
0.758508409
0.698331643
0.287095572
0.932004895
0.295257423
0.23242205
0.301657773
0.824053707
0.872836855
0.234882439
0.294205076
0.939476194
0.293155618
0.232622511
0.300364231
0.235971669
0.292096537
0.234966153
0.300899545
0.471315974
0.294433123
0.234150192
0.291467568
0.461938201
0.518647776
0.235560161
0.299922573
0.462452025
0.294479951
0.232213248
0.297531463
0.459849227
0.521339099
0.460603285
0.299766373
0.689802867
0.2914031
0.233180277
0.292160364
0.460392559
0.524106757
0.235471958
0.297375584
0.576917427
0.29130367
0.234756068
0.299185835
0.469638508
0.519622824
0.461316609
0.297492012
0.683196281
0.528352383
0.235453997
0.296878438
0.689201161
0.750352974
0.239299018
0.302389699
0.468910429
0.295866506
