1.3471E-5
1.603E-6
1.604E-6
2.246E-6
0.185677199
0.307407343
2.245E-6
0.119756636
2.245E-6
0.249056225
2.245E-6
1.924E-6
0.188793181
2.246E-6
0.376129884
2.886E-6
0.188205586
1.925E-6
0.378039886
2.887E-6
1.925E-6
0.369239123
3.207E-6
2.246E-6
9.62E-7
9.63E-7
2.887E-6
0.12714807
1.924E-6
1.283E-6
1.283E-6
0.122173085
2.245E-6
1.283E-6
1.283E-6
1.604E-6
2.245E-6
0.364389867
1.925E-6
1.925E-6
1.925E-6
1.282E-6
1.283E-6
9.62E-7
1.283E-6
0.480407005
2.245E-6
2.245E-6
1.283E-6
2.886E-6
1.604E-6
1.925E-6
1.283E-6
0.483940268
1.924E-6
2.566E-6
2.245E-6
2.566E-6
1.924E-6
1.283E-6
1.604E-6
9.62E-7
1.283E-6
0.121325371
1.925E-6
1.283E-6
1.283E-6
1.604E-6
9.62E-7
2.566E-6
2.887E-6
2.566E-6
1.604E-6
0.36370124
2.245E-6
9.943E-6
9.63E-7
9.62E-7
1.603E-6
2.566E-6
1.604E-6
4.169E-6
1.925E-6
0.125414475
1.924E-6
1.283E-6
6.41E-7
2.567E-6
1.283E-6
6.42E-7
3.208E-6
2.566E-6
4.17E-6
0.603270963
2.246E-6
2.566E-6
2.887E-6
1.604E-6
9.63E-7
1.283E-6
1.604E-6
9.62E-7
2.245E-6
2.245E-6
0.191768356
2.245E-6
1.283E-6
2.887E-6
1.604E-6
2.566E-6
2.245E-6
2.566E-6
1.283E-6
9.62E-7
2.245E-6
2.886E-6
2.245E-6
0.615253137
2.566E-6
2.245E-6
1.604E-6
2.245E-6
9.63E-7
2.566E-6
2.245E-6
6.42E-7
1.283E-6
7.698E-6
1.283E-6
2.0528E-5
3.528E-6
2.886E-6
1.604E-6
1.603E-6
1.283E-6
0.125598901
1.604E-6
1.604E-6
2.245E-6
2.245E-6
1.604E-6
2.565E-6
2.245E-6
3.208E-6
2.566E-6
2.245E-6
2.245E-6
1.603E-6
1.925E-6
1.283E-6
1.283E-6
2.565E-6
2.245E-6
4.17E-6
2.566E-6
2.566E-6
1.925E-6
1.924E-6
1.924E-6
2.886E-6
2.245E-6
1.924E-6
1.283E-6
2.566E-6
0.194770476
2.245E-6
9.62E-7
2.245E-6
9.62E-7
1.283E-6
9.62E-7
1.0263E-5
2.887E-6
2.566E-6
1.925E-6
2.566E-6
1.283E-6
1.604E-6
1.283E-6
2.566E-6
1.283E-6
1.283E-6
1.283E-6
1.283E-6
1.924E-6
9.63E-7
1.604E-6
1.603E-6
1.283E-6
9.62E-7
9.63E-7
2.887E-6
2.245E-6
1.604E-6
1.283E-6
9.623E-6
1.604E-6
0.485552303
2.245E-6
3.207E-6
2.566E-6
1.603E-6
9.62E-7
1.603E-6
1.283E-6
1.283E-6
9.62E-7
2.245E-6
1.283E-6
1.604E-6
9.62E-7
2.886E-6
1.604E-6
1.283E-6
1.603E-6
1.924E-6
1.603E-6
9.62E-7
9.62E-7
1.0263E-5
2.245E-6
9.63E-7
1.925E-6
1.604E-6
2.566E-6
7.056E-6
1.924E-6
1.604E-6
1.924E-6
1.924E-6
1.283E-6
0.127220879
1.604E-6
1.283E-6
1.283E-6
1.0584E-5
1.283E-6
9.62E-7
9.62E-7
2.566E-6
1.603E-6
1.282E-6
2.887E-6
1.924E-6
1.604E-6
1.283E-6
1.924E-6
2.245E-6
1.604E-6
2.887E-6
1.604E-6
2.245E-6
1.924E-6
1.604E-6
1.8282E-5
2.5338E-5
3.21E-7
3.21E-7
1.283E-6
3.21E-7
3.2E-7
0.0
3.21E-7
3.21E-7
3.21E-7
0.0
6.41E-7
6.41E-7
0.0
3.21E-7
4.811E-6
6.41E-7
3.21E-7
6.42E-7
3.2E-7
0.125588316
6.42E-7
0.0
3.21E-7
3.2E-7
6.42E-7
0.0
0.0
3.2E-7
3.21E-7
3.21E-7
3.21E-7
3.21E-7
9.62E-7
0.0
3.2E-7
3.2E-7
3.21E-7
3.2E-7
3.21E-7
3.21E-7
3.21E-7
0.0
3.21E-7
3.21E-7
3.21E-7
0.0
0.0
3.2E-7
0.0
0.0
3.21E-7
3.2E-7
3.2E-7
3.2E-7
0.0
3.21E-7
0.0
3.2E-7
3.21E-7
3.21E-7
3.21E-7
0.0
0.0
0.0
3.21E-7
0.0
3.21E-7
3.21E-7
3.2E-7
3.21E-7
0.0
0.126868065
3.21E-7
3.21E-7
3.21E-7
0.0
0.0
3.21E-7
0.0
3.21E-7
3.21E-7
3.21E-7
3.21E-7
3.21E-7
3.21E-7
3.21E-7
3.21E-7
3.21E-7
3.2E-7
3.21E-7
0.0
1.0263E-5
3.2E-7
6.42E-7
0.0
3.21E-7
3.21E-7
0.0
0.0
6.42E-7
3.2E-7
0.0
3.21E-7
3.21E-7
3.21E-7
3.21E-7
3.21E-7
3.21E-7
3.21E-7
0.0
0.0
3.21E-7
3.21E-7
0.0
6.41E-7
3.2E-7
3.21E-7
3.21E-7
3.21E-7
3.21E-7
3.2E-7
3.21E-7
3.21E-7
0.131617571
3.21E-7
3.2E-7
3.21E-7
6.41E-7
3.21E-7
3.21E-7
0.0
3.21E-7
3.21E-7
3.21E-7
3.2E-7
3.21E-7
3.21E-7
0.0
3.21E-7
8.019E-6
3.21E-7
3.21E-7
3.21E-7
3.21E-7
3.21E-7
0.0
3.21E-7
3.2E-7
3.21E-7
0.0
3.21E-7
3.21E-7
3.21E-7
3.21E-7
6.42E-7
6.42E-7
3.21E-7
3.2E-7
3.21E-7
3.21E-7
0.0
3.21E-7
0.0
3.21E-7
3.21E-7
3.21E-7
3.21E-7
3.21E-7
3.21E-7
0.0
3.21E-7
3.21E-7
3.2E-7
0.0
3.21E-7
1.283E-6
3.21E-7
3.21E-7
3.21E-7
3.21E-7
3.2E-7
0.0
3.2E-7
3.2E-7
3.2E-7
6.42E-7
3.21E-7
3.21E-7
0.0
3.2E-7
0.0
0.12579391
6.42E-7
3.21E-7
0.0
3.21E-7
3.21E-7
3.21E-7
0.0
3.2E-7
3.21E-7
0.0
0.0
3.21E-7
3.21E-7
3.2E-7
3.21E-7
3.21E-7
3.2E-7
0.0
3.21E-7
3.21E-7
3.21E-7
3.21E-7
3.21E-7
6.42E-7
3.21E-7
3.2E-7
3.21E-7
3.21E-7
3.21E-7
3.21E-7
3.2E-7
3.21E-7
9.63E-7
0.0
3.21E-7
8.019E-6
0.0
0.0
3.21E-7
3.21E-7
3.2E-7
3.2E-7
0.0
3.21E-7
3.2E-7
3.21E-7
3.2E-7
3.21E-7
3.2E-7
3.21E-7
3.2E-7
3.21E-7
3.2E-7
0.0
3.21E-7
3.21E-7
3.2E-7
3.21E-7
0.0
3.21E-7
3.21E-7
0.0
3.21E-7
3.2E-7
3.21E-7
3.21E-7
3.21E-7
3.21E-7
3.21E-7
0.390534922
6.42E-7
3.2E-7
3.2E-7
3.21E-7
0.0
3.21E-7
6.41E-7
0.0
0.0
3.21E-7
3.2E-7
3.21E-7
0.0
3.21E-7
3.21E-7
3.21E-7
0.0
3.21E-7
3.21E-7
3.21E-7
3.2E-7
3.21E-7
0.0
3.21E-7
3.21E-7
6.42E-7
3.21E-7
3.21E-7
0.0
3.21E-7
3.21E-7
3.21E-7
3.21E-7
3.2E-7
3.21E-7
3.21E-7
0.0
3.21E-7
0.0
3.21E-7
3.21E-7
3.21E-7
3.21E-7
3.21E-7
0.0
3.21E-7
3.21E-7
3.21E-7
0.0
3.21E-7
0.0
3.21E-7
3.21E-7
3.21E-7
0.0
0.0
0.0
3.21E-7
3.21E-7
3.2E-7
0.0
3.21E-7
3.21E-7
3.21E-7
3.21E-7
3.21E-7
3.21E-7
0.0
3.21E-7
3.21E-7
0.0
0.0
3.2E-7
6.41E-7
3.2E-7
3.21E-7
0.0
3.21E-7
3.2E-7
3.21E-7
0.0
3.21E-7
3.21E-7
3.21E-7
0.0
3.21E-7
3.21E-7
3.21E-7
0.0
3.2E-7
3.2E-7
3.21E-7
0.550682565
0.0
3.21E-7
3.2E-7
0.0
3.21E-7
3.2E-7
0.0
3.21E-7
3.2E-7
3.21E-7
3.21E-7
0.0
0.0
0.0
0.0
3.21E-7
6.42E-7
3.2E-7
3.21E-7
0.0
6.41E-7
3.21E-7
3.2E-7
0.0
3.21E-7
6.41E-7
3.21E-7
3.21E-7
3.21E-7
0.0
3.21E-7
3.21E-7
3.21E-7
3.21E-7
3.21E-7
3.21E-7
3.2E-7
3.21E-7
3.2E-7
0.0
3.21E-7
3.21E-7
0.0
3.21E-7
3.21E-7
3.2E-7
0.0
3.21E-7
3.21E-7
3.2E-7
3.21E-7
3.2E-7
3.21E-7
0.0
3.21E-7
3.21E-7
3.21E-7
2.246E-6
3.21E-7
3.21E-7
3.21E-7
6.42E-7
0.0
3.2E-7
3.2E-7
6.41E-7
6.41E-7
3.21E-7
0.0
3.21E-7
6.42E-7
6.42E-7
3.21E-7
3.2E-7
9.63E-7
6.41E-7
3.21E-7
3.21E-7
3.21E-7
0.0
3.21E-7
3.21E-7
3.21E-7
0.0
3.2E-7
0.0
0.0
0.0
3.21E-7
3.21E-7
0.0
3.21E-7
3.21E-7
3.21E-7
3.2E-7
3.21E-7
3.2E-7
6.42E-7
3.21E-7
1.283E-6
3.21E-7
3.21E-7
1.925E-6
3.2E-7
3.21E-7
3.21E-7
3.21E-7
6.42E-7
3.21E-7
3.21E-7
3.21E-7
0.0
3.21E-7
3.21E-7
3.21E-7
3.21E-7
3.2E-7
3.21E-7
3.21E-7
3.21E-7
3.2E-7
3.2E-7
0.0
0.0
3.21E-7
6.42E-7
3.21E-7
6.41E-7
3.2E-7
0.203686705
0.0
0.0
6.41E-7
3.21E-7
3.2E-7
3.21E-7
6.42E-7
3.2E-7
0.0
3.21E-7
3.2E-7
0.0
0.0
3.21E-7
3.2E-7
0.0
3.21E-7
6.41E-7
3.21E-7
3.21E-7
3.21E-7
0.0
0.0
3.528E-6
3.21E-7
3.21E-7
3.21E-7
3.21E-7
3.21E-7
3.21E-7
3.21E-7
3.2E-7
0.0
3.21E-7
3.21E-7
3.2E-7
0.0
3.2E-7
3.21E-7
3.21E-7
0.0
3.21E-7
3.21E-7
0.0
3.2E-7
6.42E-7
3.2E-7
3.2E-7
9.62E-7
3.21E-7
3.2E-7
9.62E-7
3.2E-7
3.21E-7
3.21E-7
3.21E-7
3.21E-7
0.0
3.21E-7
3.2E-7
3.21E-7
3.21E-7
3.21E-7
3.21E-7
0.0
3.2E-7
6.41E-7
0.0
0.0
3.2E-7
3.21E-7
3.21E-7
0.0
3.21E-7
3.21E-7
3.21E-7
0.0
3.2E-7
3.21E-7
3.21E-7
3.21E-7
3.2E-7
3.2E-7
3.21E-7
3.2E-7
3.2E-7
3.21E-7
3.21E-7
3.21E-7
3.2E-7
3.21E-7
3.21E-7
0.0
0.0
8.339E-6
3.21E-7
3.21E-7
0.0
3.21E-7
3.21E-7
0.0
3.21E-7
0.0
3.21E-7
0.0
3.2E-7
3.21E-7
3.21E-7
0.0
0.0
3.21E-7
3.21E-7
0.0
0.0
3.21E-7
1.603E-6
3.2E-7
0.0
3.21E-7
0.0
0.0
0.0
3.21E-7
3.21E-7
0.62039202
3.21E-7
0.0
3.2E-7
3.21E-7
6.41E-7
3.21E-7
3.21E-7
3.2E-7
0.0
3.21E-7
3.21E-7
1.282E-6
3.2E-7
1.283E-5
3.21E-7
0.0
3.2E-7
8.019E-6
9.62E-7
3.21E-7
0.0
3.21E-7
3.2E-7
3.21E-7
0.0
3.21E-7
0.0
6.41E-7
0.0
3.21E-7
3.21E-7
0.0
0.0
3.21E-7
1.603E-6
0.0
3.2E-7
3.21E-7
6.41E-7
0.0
6.41E-7
3.21E-7
0.0
3.21E-7
3.2E-7
3.21E-7
3.21E-7
3.21E-7
3.21E-7
3.21E-7
3.21E-7
3.2E-7
0.0
3.21E-7
3.2E-7
3.21E-7
3.21E-7
3.21E-7
0.0
0.0
6.42E-7
3.21E-7
3.21E-7
3.2E-7
3.21E-7
3.21E-7
3.2E-7
3.21E-7
0.0
3.2E-7
3.21E-7
0.0
3.2E-7
3.2E-7
3.21E-7
3.21E-7
3.21E-7
3.2E-7
3.21E-7
0.0
3.21E-7
3.21E-7
3.2E-7
3.21E-7
3.21E-7
3.21E-7
0.0
3.21E-7
3.21E-7
3.21E-7
0.0
3.21E-7
3.21E-7
6.42E-7
3.21E-7
3.21E-7
3.21E-7
3.21E-7
3.21E-7
3.2E-7
3.21E-7
3.21E-7
3.21E-7
0.0
3.2E-7
8.339E-6
0.0
0.0
6.41E-7
3.2E-7
3.2E-7
3.21E-7
2.565E-6
3.21E-7
3.21E-7
0.0
0.0
3.21E-7
3.2E-7
3.21E-7
6.42E-7
3.2E-7
3.21E-7
0.0
3.21E-7
3.21E-7
3.21E-7
0.0
3.21E-7
8.339E-6
0.0
0.0
0.0
3.21E-7
6.42E-7
3.21E-7
0.0
3.2E-7
3.21E-7
0.0
3.21E-7
3.21E-7
0.0
3.21E-7
0.0
3.21E-7
3.21E-7
3.21E-7
6.41E-7
3.21E-7
3.21E-7
3.21E-7
3.21E-7
0.0
3.21E-7
0.0
9.62E-7
3.21E-7
3.21E-7
9.62E-7
0.0
8.339E-6
3.21E-7
0.0
0.0
3.2E-7
3.21E-7
3.2E-7
6.41E-7
3.21E-7
0.191126237
6.41E-7
0.0
3.21E-7
3.21E-7
3.21E-7
3.21E-7
3.21E-7
3.21E-7
0.0
3.21E-7
3.2E-7
3.21E-7
3.21E-7
3.2E-7
3.21E-7
3.21E-7
3.21E-7
3.2E-7
3.21E-7
3.21E-7
6.41E-7
0.0
3.21E-7
3.21E-7
3.21E-7
0.0
3.21E-7
3.21E-7
3.21E-7
3.21E-7
3.21E-7
3.21E-7
3.21E-7
3.21E-7
3.21E-7
3.21E-7
3.21E-7
3.21E-7
0.0
3.21E-7
0.0
0.0
3.21E-7
3.21E-7
0.0
0.0
3.2E-7
0.0
0.0
3.21E-7
3.21E-7
6.42E-7
3.21E-7
0.0
3.21E-7
3.21E-7
0.0
3.21E-7
3.2E-7
6.41E-7
3.21E-7
3.21E-7
3.2E-7
3.2E-7
0.0
3.21E-7
3.21E-7
3.21E-7
0.0
0.0
3.21E-7
6.41E-7
3.21E-7
3.21E-7
3.2E-7
3.21E-7
0.0
3.21E-7
3.21E-7
3.21E-7
0.0
3.2E-7
3.21E-7
6.42E-7
3.21E-7
3.2E-7
3.21E-7
3.21E-7
0.0
3.21E-7
3.21E-7
3.21E-7
3.2E-7
3.2E-7
8.018E-6
3.21E-7
3.2E-7
0.0
3.21E-7
3.21E-7
3.21E-7
3.21E-7
3.2E-7
3.2E-7
3.2E-7
3.21E-7
6.41E-7
3.2E-7
0.0
3.21E-7
3.21E-7
3.21E-7
9.62E-7
3.21E-7
6.42E-7
3.2E-7
3.21E-7
0.0
3.21E-7
6.41E-7
3.21E-7
3.2E-7
3.2E-7
3.21E-7
3.21E-7
