0.115662079
0.11770615
0.232901554
0.117967232
0.233166806
0.235929332
0.345130441
0.118852793
0.231903734
0.232778391
0.342574791
0.233249556
0.340446366
0.343706359
0.4521486
0.116834381
0.230051145
0.231601919
0.345614758
0.230392411
0.344350725
0.342804762
0.44989252
0.233125109
0.341007981
0.342836194
0.458775071
0.346272273
0.454676345
0.45837094
0.563128208
0.117900839
0.231711291
0.231254238
0.346379079
0.229842985
0.339326024
0.343435976
0.450303066
0.231594863
0.347521872
0.34451815
0.480577638
0.347290299
0.455530153
0.45324617
0.574040075
0.234435329
0.347478253
0.346435208
0.45389727
0.343963271
0.456798998
0.460756598
0.57284436
0.349244884
0.455927549
0.454624706
0.574710421
0.456329755
0.565050077
0.569175424
0.68199383
0.118639181
0.232635982
0.232421728
0.345023314
0.231093226
0.342312427
0.336545857
0.452681989
0.233388116
0.34682202
0.342842288
0.455320069
0.344891491
0.452061359
0.453806821
0.566842047
0.235169181
0.342672297
0.346536883
0.455528229
0.343789431
0.458154442
0.458541894
0.56637441
0.343516161
0.4555247
0.457119095
0.575806066
0.456722341
0.57286617
0.575341315
0.68698389
0.232471122
0.344622711
0.344243598
0.456328152
0.345334753
0.458462671
0.460116082
0.566461329
0.346767494
0.456094974
0.456866994
0.570895549
0.453565626
0.565139884
0.56730776
0.687357552
0.345232115
0.457570375
0.455857628
0.564483652
0.479249778
0.572521696
0.57465397
0.682003131
0.459706498
0.571630362
0.576959764
0.686418428
0.56600588
0.6824929
0.680530297
0.790571422
0.118618974
0.231287595
0.232171231
0.345622776
0.232728676
0.344070078
0.341782565
0.452234557
0.226253272
0.344855568
0.341560935
0.455083363
0.364555369
0.459862057
0.458121405
0.569623176
0.232941647
0.344195808
0.34514744
0.460481083
0.345859161
0.452106583
0.457368309
0.564008637
0.343502369
0.455107739
0.457512642
0.573258114
0.458287227
0.566872838
0.565802531
0.678443568
0.236872626
0.346378117
0.34426605
0.457537659
0.360499622
0.456059693
0.453194851
0.570629015
0.346224483
0.459135262
0.45999805
0.566382428
0.466603673
0.571311548
0.569122182
0.68096554
0.349337578
0.462142191
0.459888357
0.572950525
0.459597446
0.57298292
0.577618242
0.6888801
0.461243481
0.572812928
0.571079011
0.714073522
0.573732487
0.69173885
0.689116486
0.802967671
0.234169436
0.342935623
0.349774745
0.457174583
0.344805853
0.453493138
0.455718747
0.56858783
0.346638557
0.459521431
0.459966618
0.569340285
0.458356186
0.570007101
0.577902096
0.694183843
0.345961797
0.46258866
0.466722668
0.572225013
0.456854485
0.569926596
0.567836018
0.692672842
0.461314364
0.571440164
0.569946482
0.688983378
0.573904082
0.680998256
0.682735058
0.796655524
0.349631054
0.458077143
0.462173303
0.571326301
0.458690076
0.574312704
0.56965525
0.698762075
0.458083557
0.57766924
0.572880283
0.681280827
0.575053291
0.687991012
0.686838596
0.798860927
0.458033202
0.574201087
0.580968683
0.688814349
0.577442798
0.6939218
0.683401555
0.80967529
0.575485968
0.683515737
0.680072281
0.805332481
0.689945596
0.797861824
0.801294696
0.927347122
0.117964666
0.231015607
0.232737015
0.344489604
0.232618021
0.353234238
0.347886874
0.45581529
0.231444436
0.346812718
0.342999771
0.455944227
0.346963466
0.455136927
0.45821474
0.563401477
0.232186947
0.341621555
0.344607637
0.455808234
0.343039222
0.45987617
0.453106007
0.565270745
0.344965261
0.455126664
0.459021399
0.569066373
0.45821057
0.567849809
0.571658588
0.67959438
0.232923044
0.343794562
0.346304347
