4000
8000
12000
16000
20000
1000
5000
9000
13000
17000
21000
2000
6000
10000
14000
18000
22000
3000
7000
11000
15000
19000
23000
4000
8000
12000
16000
20000
24000
5000
9000
13000
17000
21000
25000
6000
10000
14000
18000
22000
26000
7000
11000
15000
19000
23000
27000
8000
12000
16000
20000
24000
28000
9000
13000
17000
21000
25000
29000
10000
14000
18000
22000
26000
30000
11000
15000
19000
23000
27000
31000
12000
16000
20000
24000
28000
32000
13000
17000
21000
25000
29000
33000
14000
18000
22000
26000
30000
34000
15000
19000
23000
27000
31000
35000
16000
20000
24000
28000
32000
36000
17000
21000
25000
29000
33000
37000
18000
22000
26000
30000
34000
38000
19000
23000
27000
31000
35000
39000
20000
24000
28000
32000
36000
40000
21000
25000
29000
33000
37000
41000
22000
26000
30000
34000
38000
42000
23000
27000
31000
35000
39000
43000
1000
5000
