0.296223488
0.310283411
0.424319023
0.422451358
0.630127417
0.496652766
0.713144341
0.635733938
0.762559024
0.846846717
0.537964936
0.698278079
0.735701607
0.738069945
0.731854982
0.94465517
0.73680495
0.951403844
1.057335016
0.96958719
0.954188821
0.529673828
0.844085794
0.955369463
0.737189196
1.056323405
1.057708357
0.9480874
0.956798676
1.089683488
1.075121929
1.187725439
0.853520016
0.963092221
1.059958984
0.952641896
1.169838135
1.171926148
1.061084779
1.094785487
1.299501764
1.176306483
1.175487636
1.291514716
0.848415131
0.947779169
0.842821119
0.843939216
0.963212498
0.853268236
1.068568586
1.0615367
1.066251566
1.074464413
1.280950209
0.962058478
1.061738765
0.954143597
1.195398804
1.191626591
0.962042121
1.18294803
1.178845133
1.172479744
1.171368062
0.959039039
0.959089396
1.062206082
1.282210714
1.182503164
1.258635743
1.510933037
1.063852437
1.286231821
1.189901014
1.383819285
1.421196627
1.185767327
1.188867592
1.406246973
1.289951433
1.399697479
1.197160945
0.938790775
1.400407275
0.956047184
1.532749075
1.426738999
0.850312625
1.17571953
1.064563837
1.055299606
1.066163042
1.282270693
1.061053025
1.196818075
0.721650344
1.297645325
1.410160954
1.078364602
1.285798824
1.292171911
1.278940136
1.283500728
1.576928653
1.300716082
1.415108034
1.628247885
1.409549625
1.532547971
1.085417015
1.288978311
1.319206055
1.195866762
1.420449625
1.417461298
1.298398742
1.351747932
1.566410011
1.408507222
1.428720526
0.426257249
1.300465906
1.413936695
1.31615358
1.412672983
1.526035041
1.415823924
1.405173779
1.638231213
1.540950696
1.645299343
1.76190632
1.07562998
1.310845347
1.197661939
1.405532687
1.516422167
1.20402765
1.420225108
1.415125034
1.408136127
1.414744316
1.187820057
1.416692486
