7.698E-6
1.925E-6
0.257814008
0.130333652
0.263952636
1.282E-6
0.383207314
0.126844652
6.42E-7
0.130503002
6.42E-7
0.128580492
6.42E-7
9.62E-7
0.502080955
1.283E-6
0.248900988
9.62E-7
6.42E-7
1.283E-6
0.372239639
9.62E-7
6.42E-7
1.283E-6
0.374429004
6.42E-7
6.41E-7
1.282E-6
9.62E-7
0.131156669
6.42E-7
1.604E-6
6.42E-7
1.283E-6
0.371228348
1.603E-6
6.42E-7
9.62E-7
6.41E-7
0.129079883
9.63E-7
1.604E-6
9.62E-7
1.604E-6
0.489489697
9.63E-7
6.41E-7
9.63E-7
6.42E-7
0.131266041
6.41E-7
1.283E-6
1.604E-6
1.283E-6
1.282E-6
1.283E-6
0.49426807
6.42E-7
9.63E-7
1.283E-6
6.42E-7
2.4056E-5
1.604E-6
1.603E-6
0.25053804
1.283E-6
1.283E-6
1.603E-6
1.603E-6
1.283E-6
1.283E-6
1.283E-6
1.924E-6
9.63E-7
1.603E-6
1.283E-6
4.17E-6
0.127908223
1.603E-6
1.603E-6
1.283E-6
9.62E-7
9.63E-7
9.62E-7
1.283E-6
1.5716E-5
1.603E-6
1.604E-6
2.245E-6
1.283E-6
1.925E-6
1.283E-6
0.605356409
1.283E-6
1.925E-6
1.283E-6
6.41E-7
1.283E-6
1.283E-6
1.603E-6
1.604E-6
1.283E-6
2.566E-6
1.283E-6
1.604E-6
1.604E-6
2.245E-6
1.283E-6
2.566E-6
4.491E-6
0.732624115
1.604E-6
1.925E-6
1.283E-6
1.283E-6
1.283E-6
1.283E-6
6.42E-7
9.622E-6
1.283E-6
1.604E-6
1.283E-6
1.283E-6
9.62E-7
1.283E-6
9.62E-7
0.846607446
9.62E-7
1.603E-6
1.283E-6
1.283E-6
9.63E-7
6.41E-7
6.42E-7
6.094E-6
1.283E-6
1.604E-6
1.283E-6
9.62E-7
9.63E-7
1.603E-6
1.283E-6
1.604E-6
6.41E-7
1.604E-6
9.62E-7
2.245E-6
1.283E-6
1.924E-6
1.283E-6
1.283E-6
1.283E-6
1.283E-6
0.13377807
1.925E-6
9.62E-7
1.283E-6
6.42E-7
1.604E-6
9.62E-7
1.604E-6
1.283E-6
1.283E-6
9.62E-7
1.604E-6
1.283E-6
1.283E-6
1.283E-6
9.62E-7
1.283E-6
1.283E-6
1.283E-6
1.282E-6
9.62E-7
1.604E-6
9.62E-7
1.603E-6
9.62E-7
2.245E-6
9.62E-7
0.600675861
9.62E-7
2.245E-6
9.62E-7
2.246E-6
9.62E-7
1.924E-6
1.283E-6
2.245E-6
9.62E-7
1.924E-6
1.283E-6
2.246E-6
1.283E-6
1.925E-6
9.63E-7
1.924E-6
9.62E-7
1.925E-6
1.283E-6
1.604E-6
1.283E-6
1.604E-6
1.283E-6
2.246E-6
9.62E-7
1.603E-6
1.283E-6
2.246E-6
0.127619557
2.245E-6
1.283E-6
1.925E-6
6.41E-7
2.566E-6
9.62E-7
2.245E-6
9.62E-7
2.245E-6
1.282E-6
6.42E-7
9.63E-7
1.604E-6
1.283E-6
1.924E-6
9.62E-7
1.283E-6
1.283E-6
2.566E-6
9.63E-7
2.245E-6
1.283E-6
1.604E-6
1.283E-6
2.245E-6
1.283E-6
2.245E-6
1.283E-6
1.925E-6
1.283E-6
2.245E-6
1.283E-6
2.245E-6
9.62E-7
1.604E-6
9.62E-7
2.245E-6
1.283E-6
2.245E-6
1.283E-6
0.853964561
9.62E-7
2.245E-6
1.7961E-5
6.414E-6
0.0
3.21E-7
3.2E-7
0.0
3.21E-7
0.0
3.21E-7
3.21E-7
0.0
3.2E-7
3.21E-7
3.2E-7
3.21E-7
3.21E-7
3.21E-7
3.21E-7
0.0
0.0
3.21E-7
0.0
3.21E-7
3.21E-7
0.0
3.21E-7
3.21E-7
3.21E-7
3.21E-7
3.21E-7
3.2E-7
3.21E-7
3.21E-7
3.21E-7
3.21E-7
9.62E-7
3.2E-7
3.2E-7
3.21E-7
3.21E-7
3.21E-7
3.21E-7
0.0
3.2E-7
0.13155182
3.21E-7
0.0
3.2E-7
0.0
3.2E-7
3.2E-7
3.21E-7
3.21E-7
3.21E-7
3.21E-7
3.21E-7
3.21E-7
0.0
3.2E-7
3.21E-7
0.0
6.42E-7
3.2E-7
0.0
3.21E-7
3.2E-7
0.0
3.2E-7
3.2E-7
3.21E-7
3.21E-7
3.21E-7
3.2E-7
3.21E-7
3.21E-7
3.21E-7
3.2E-7
3.2E-7
3.21E-7
3.2E-7
3.21E-7
0.0
3.2E-7
0.0
3.21E-7
3.2E-7
0.0
3.21E-7
3.21E-7
3.21E-7
3.21E-7
3.2E-7
3.21E-7
6.41E-7
3.21E-7
3.21E-7
3.21E-7
3.21E-7
0.0
3.21E-7
3.2E-7
3.2E-7
0.0
0.0
3.2E-7
3.21E-7
0.0
3.21E-7
3.2E-7
3.21E-7
0.132482925
3.2E-7
3.21E-7
3.2E-7
3.2E-7
3.21E-7
3.2E-7
3.21E-7
0.0
0.0
3.21E-7
3.21E-7
3.21E-7
3.21E-7
3.21E-7
3.21E-7
3.2E-7
3.21E-7
3.2E-7
3.21E-7
3.21E-7
0.0
3.2E-7
3.2E-7
3.2E-7
3.21E-7
3.2E-7
0.0
6.42E-7
3.21E-7
3.2E-7
3.21E-7
3.2E-7
3.21E-7
0.0
3.21E-7
3.21E-7
6.42E-7
0.0
3.21E-7
3.21E-7
3.21E-7
3.21E-7
3.21E-7
0.0
3.21E-7
3.21E-7
3.21E-7
3.21E-7
3.2E-7
0.0
3.21E-7
3.21E-7
3.2E-7
3.21E-7
3.21E-7
3.21E-7
3.21E-7
0.13204704
0.0
3.21E-7
3.21E-7
3.21E-7
3.2E-7
0.0
3.21E-7
3.21E-7
3.2E-7
3.21E-7
3.21E-7
3.2E-7
3.2E-7
3.21E-7
3.2E-7
3.2E-7
3.2E-7
3.21E-7
3.21E-7
3.21E-7
3.2E-7
3.21E-7
3.21E-7
3.21E-7
3.21E-7
3.21E-7
3.21E-7
0.0
3.21E-7
0.0
0.0
3.2E-7
3.21E-7
3.21E-7
3.21E-7
3.21E-7
3.21E-7
0.0
3.21E-7
3.21E-7
3.21E-7
3.21E-7
3.21E-7
3.21E-7
3.2E-7
3.21E-7
0.0
3.21E-7
3.21E-7
3.21E-7
3.21E-7
0.0
3.21E-7
3.21E-7
3.21E-7
3.21E-7
0.0
3.21E-7
3.21E-7
3.2E-7
0.0
0.0
3.2E-7
3.21E-7
3.21E-7
0.0
3.2E-7
3.21E-7
3.2E-7
0.0
3.21E-7
0.0
3.2E-7
0.0
3.21E-7
3.21E-7
3.21E-7
0.0
3.21E-7
3.21E-7
3.21E-7
0.0
3.21E-7
0.0
3.2E-7
3.2E-7
0.98714766
3.2E-7
3.21E-7
0.0
3.21E-7
0.0
3.2E-7
3.2E-7
3.21E-7
8.018E-6
3.21E-7
3.2E-7
3.21E-7
3.21E-7
3.21E-7
3.21E-7
3.2E-7
3.21E-7
3.21E-7
3.21E-7
3.21E-7
3.21E-7
3.2E-7
3.21E-7
3.21E-7
0.0
0.0
8.018E-6
0.0
8.019E-6
3.21E-7
3.2E-7
3.2E-7
3.21E-7
3.21E-7
3.2E-7
3.2E-7
3.21E-7
3.21E-7
3.2E-7
3.21E-7
3.2E-7
3.21E-7
3.21E-7
3.2E-7
0.0
0.0
3.2E-7
3.21E-7
0.0
3.21E-7
3.21E-7
0.0
0.0
3.21E-7
3.21E-7
3.2E-7
3.21E-7
3.21E-7
3.2E-7
0.0
3.21E-7
3.21E-7
3.21E-7
3.21E-7
3.21E-7
3.21E-7
3.21E-7
3.21E-7
3.21E-7
0.0
3.21E-7
3.21E-7
