2000
2000
4000
2000
4000
4000
6000
2000
4000
4000
6000
4000
6000
6000
8000
2000
4000
4000
6000
4000
6000
6000
8000
4000
6000
6000
8000
6000
8000
8000
10000
2000
4000
4000
6000
4000
6000
6000
8000
4000
6000
6000
8000
6000
8000
8000
10000
4000
6000
6000
8000
6000
8000
8000
10000
6000
8000
8000
10000
8000
10000
10000
12000
2000
4000
4000
6000
4000
6000
6000
8000
4000
6000
6000
8000
6000
8000
8000
10000
4000
6000
6000
8000
6000
8000
8000
10000
6000
8000
8000
10000
8000
10000
10000
12000
4000
6000
6000
8000
6000
8000
8000
10000
6000
8000
8000
10000
8000
10000
10000
12000
6000
8000
8000
10000
8000
10000
10000
12000
8000
10000
10000
12000
10000
12000
12000
14000
2000
4000
4000
6000
4000
6000
6000
8000
4000
6000
6000
8000
6000
8000
8000
10000
4000
6000
6000
8000
6000
8000
8000
10000
6000
8000
8000
10000
8000
10000
10000
12000
4000
6000
6000
8000
6000
8000
8000
10000
6000
8000
8000
10000
8000
10000
10000
12000
6000
8000
8000
10000
8000
10000
10000
12000
8000
10000
10000
12000
10000
12000
12000
14000
4000
6000
6000
8000
6000
8000
8000
10000
6000
8000
8000
10000
8000
10000
10000
12000
6000
8000
8000
10000
8000
10000
10000
12000
8000
10000
10000
12000
10000
12000
12000
14000
6000
8000
8000
10000
8000
10000
10000
12000
8000
10000
10000
12000
10000
12000
12000
14000
8000
10000
10000
12000
10000
12000
12000
14000
10000
12000
12000
14000
12000
14000
14000
16000
2000
4000
4000
6000
4000
6000
6000
8000
4000
6000
6000
8000
6000
8000
8000
10000
4000
6000
6000
8000
6000
8000
8000
10000
6000
8000
8000
10000
8000
10000
10000
12000
4000
6000
6000
