0.116330179
0.118771325
0.235037998
0.119648547
0.23475671
0.238737404
0.236509228
0.119938816
0.233310497
0.236068212
0.23754682
0.238311462
0.233823358
0.232151666
0.233558108
0.116765743
0.232414352
0.232670622
0.233770116
0.233906751
0.236483248
0.23382817
0.233062565
0.235709305
0.234607566
0.232363033
0.231834134
0.232761712
0.233535335
0.235078732
0.234941777
0.119343524
0.232641435
0.232250775
0.233699553
0.234694807
0.231387665
0.235296834
0.232090726
0.236149038
0.233788077
0.236469457
0.232668698
0.236357198
0.23277358
0.233014134
0.232501271
0.236489022
0.334149294
0.336642079
0.234086685
0.337297029
0.234528343
0.233625783
0.233169371
0.334284645
0.234523533
0.234630018
0.233571579
0.234910023
0.234600189
0.232718091
0.232310752
0.1197066
0.23536868
0.234221396
0.234692562
0.232734129
0.23278288
0.259113965
0.236580112
0.234977058
0.234763766
0.233660744
0.232699809
0.234713089
0.232425577
0.232985268
0.232722261
0.236880324
0.235090279
0.235272137
0.232029785
0.23305166
0.234830159
0.232818804
0.231879037
0.233643424
0.231986807
0.233458037
0.23523429
0.233408642
0.233237048
0.235267968
0.233090469
0.237255268
0.233057754
0.231365534
0.236208055
0.234370861
0.234768577
0.233309534
0.23355073
0.235080015
0.237532707
0.235072317
0.2323919
0.235026772
0.234111703
0.23762476
0.237310115
0.236144227
0.228066411
0.236185924
0.233334552
0.234299977
0.234799047
0.233068018
0.23220106
0.236919133
0.233364381
0.232568948
0.233361173
0.230684285
0.234770181
0.23261353
0.231505698
0.141267651
0.23539049
0.233015417
0.234791029
0.236246864
0.231455662
0.235042488
0.233601086
0.234212736
0.232959608
0.233524751
0.230607628
0.234236792
0.233593388
0.233514166
0.235103108
0.236881607
0.235773773
0.234551757
0.236363292
0.235589349
0.235262195
0.232604229
0.233296385
0.235599612
0.235359058
0.235338852
0.233111638
0.228780056
0.23299938
0.235461694
0.232595248
0.234813481
0.234307354
0.234731692
0.235079374
0.232346355
0.230429297
0.23405814
0.231488056
0.233985332
0.233793851
0.2333987
0.232686659
0.237110935
0.235160841
0.232678641
0.233558429
0.236208376
0.232265208
0.234135117
0.229735858
0.233581521
0.2351865
0.235527767
0.234016443
0.236626619
0.232833237
0.235517503
0.23379802
0.233487224
0.235901108
0.234019651
0.230978723
0.236437062
0.228351869
0.235174312
0.234361558
0.234439819
0.233040114
0.234468366
0.2342926
0.234201831
0.237450277
0.235022602
0.237014393
0.235251931
0.232840613
0.232877499
0.232172514
0.233864093
0.230189384
0.234715976
0.233266877
0.236873588
0.235220178
0.233594672
0.235785962
0.23792016
0.234230056
0.234225245
0.22844777
0.235372208
0.233671969
0.231956977
0.23309079
0.238334235
0.236301389
0.235999895
0.232244039
0.2341797
0.230392733
0.234073536
0.232462142
0.233890714
0.234424104
0.236141982
0.23420151
0.236616035
0.231599033
0.231975901
0.233830094
0.235969104
0.231974618
0.231365534
0.259257335
0.234158852
0.228179632
0.233608143
0.233945881
0.233887506
0.233066093
0.234191246
0.233056471
0.235594481
0.234570681
0.232938439
0.233848056
0.119634755
0.233539504
0.234396198
0.230549253
0.233213634
0.232707828
0.234813802
0.232728676
0.234839781
0.236525907
0.235117541
0.235956274
0.234313449
0.235075204
0.234310562
0.232489725
0.234481194
0.231761647
0.23530357
0.234465478
0.235087071
0.226433528
0.232780956
0.230216005
0.23408444
0.231261294
0.234259884
0.231987126
0.233770436
0.233405115
0.235772491
0.234307675
0.236039667
0.23049152
0.233665234
