0.023368737
0.0045561
0.00805761
0.012562391
0.01721279
0.01884439
0.02740139
0.025439108
0.034024655
0.035028889
0.04889284
0.050810219
0.06304257
0.055474729
0.05909812
0.079014099
0.075657884
0.089859254
0.087524592
0.093468531
0.102299764
0.109131188
0.135984436
0.129276817
0.136521032
0.131987384
0.139756969
0.14860039
0.160634525
0.158642414
0.145435015
0.160809649
0.188480459
0.191098012
0.191369678
0.181225981
0.206107965
0.204268846
0.225636812
0.106894673
0.092718322
0.119306319
0.115574838
0.123285729
0.124794166
0.101450768
0.15270938
0.146377026
0.145262137
0.161411355
0.147105104
0.160556264
0.152910804
0.166372549
0.177175365
0.201103792
0.193884595
0.200260248
0.216133951
0.199126434
0.223452257
0.212788962
0.224530903
0.233457074
0.252151679
0.256918826
0.238775251
0.266130776
0.26207535
0.281780282
0.275820306
0.272129881
0.277517979
0.27924965
0.307416965
0.321845739
0.32353443
0.284239068
0.312502927
0.078299493
0.088266783
0.084729029
0.098602283
0.116882492
0.110680358
0.132349177
0.120773059
0.143439697
0.136289137
0.15910973
0.135095667
0.15046998
0.171121093
0.185254465
0.173109996
0.154177403
0.171388268
0.182060864
0.194268199
0.199187055
0.206245562
0.217466301
0.217151977
0.189193463
0.205460713
0.254280745
0.251193631
0.215206052
0.267324888
0.278845839
0.269834351
0.262460236
0.259535736
0.276685981
0.269626192
0.285740449
0.323112338
0.2750624
0.239999192
0.218284187
0.174527984
0.218706921
0.226969482
0.19613073
0.199582526
0.2482903
0.233930165
0.249251235
0.245004648
0.263430473
0.258377547
0.261736008
0.272723249
0.277619012
0.301018218
0.304824431
0.298877285
0.310825461
0.308755731
0.32229349
0.3270709
0.33221267
0.346087207
0.341890013
0.361415011
0.34147658
0.366260739
0.367214938
0.376786758
0.385977218
0.38595637
0.381457041
0.398720186
0.408170125
0.390253955
0.425357255
0.424917522
0.432329163
0.436258539
0.095512923
0.097712873
0.097988388
0.107654505
0.115492408
0.10124357
0.11055976
0.130995337
0.14425694
0.141589031
0.13783093
0.159689948
0.168064448
0.165438557
0.17505977
0.192243692
0.187318742
0.18818538
0.18418512
0.197694334
0.204275582
0.227940681
0.222882945
0.223095916
0.234161739
0.243619696
0.254750949
0.249012284
0.253836842
0.271592964
0.281116031
0.27124849
0.27814759
0.27807382
0.271830953
0.298739367
0.302976652
0.295715438
0.327211384
0.329366432
0.211126571
0.188205586
0.226183031
0.213822704
0.230607948
0.238359574
0.250816762
0.256026849
0.244859674
0.269020314
0.262933648
0.279829225
0.284798117
0.288909031
0.279851357
0.301611266
0.304596385
0.313019317
0.317981473
0.313948819
0.331315883
0.336464068
0.339560485
0.314922904
0.34974235
0.362025057
0.366240533
0.375351771
0.376539789
0.394091279
0.396904802
0.39849182
0.41768774
0.412424089
0.405231834
0.409428385
0.436497168
0.443109848
0.442929914
0.455931398
0.207532688
0.217212918
0.2292679
0.23499983
0.224842661
0.224333648
0.250551511
0.24742687
0.247145902
0.260251947
0.254336554
0.268486926
0.285476481
0.273254072
0.290270248
0.300789211
0.298712746
0.303277505
0.290269286
0.310511778
0.329865822
0.333831121
0.327244742
0.339207992
0.341552916
0.34480425
0.367577694
0.372935001
0.357144048
0.381157791
0.364493787
0.394704211
0.397499774
0.386597528
0.404259994
0.41419457
0.421951005
0.423521345
0.427273351
0.415095205
0.324179116
0.325104449
0.316363664
0.332969936
0.346168995
0.35108304
0.355620537
0.352656908
0.365337973
0.356684429
0.378721778
0.382895557
0.393375068
0.384322205
0.40647117
0.409451158
0.391860858
0.415838999
0.388285578
0.421476312
0.445415643
0.448141605
0.452045642
0.465183761
0.464819401
0.472849749
0.464342141
0.483371276
0.483582323
0.475699517
0.496548205
0.469537795
0.506016426
0.48307331
0.517397856
0.523128823
0.538174699
0.551749985
0.548029732
0.553316475
0.099118994
0.101041825
0.099693117
0.099427865
0.107876457
0.110362185
0.113922069
0.125943695
0.130759915
0.156044106
0.142397936
0.143085601
0.123145246
0.154295114
0.161793034
0.167732803
0.148308197
0.17435254
0.19652075
0.179805426
0.173243103
0.213237996
0.232868839
0.195975493
0.19610411
0.242361115
0.2381373
0.224765043
0.228618724
0.247747609
0.253051352
0.268739347
0.245337254
0.270604125
0.254166883
0.288169728
0.270751665
0.261827097
0.287012822
0.300741421
0.18647584
0.218274243
0.180935711
0.208614542
0.223768827
0.204654053
0.234019972
0.247550034
0.21977402
0.167118268
0.267271004
0.252582753
0.264539909
0.26386315
0.25487668
0.272763021
0.264823122
0.293485659
0.273386858
0.320503766
0.297181857
0.300154468
0.320062749
0.301718393
0.332511921
0.285104102
0.313698963
0.348893353
0.374783421
0.357296079
0.365963735
0.329542516
0.347085668
0.398055615
0.39483796
0.360331555
0.405287001
0.413912319
0.406477905
0.404400798
0.198264609
0.1859896
0.183347991
0.221229856
0.236666391
0.244647344
0.240267651
0.238331028
0.234882119
0.259148604
0.239328205
0.243759859
0.264792972
0.249461319
0.272844809
0.29700513
0.293753155
0.276296604
0.298000384
0.306718716
0.305829306
0.28386188
0.342700842
0.312076023
0.320389583
0.273856421
0.279483148
0.356141097
0.373262154
0.367853851
0.367391024
0.38683712
0.351350216
0.367140526
0.376033983
0.33273291
0.404394063
0.405593306
0.400490026
0.401070884
0.317046518
0.321635654
0.32865856
0.333391066
0.341859864
0.328382082
0.314831173
0.332965766
0.344499227
0.325999632
0.336369451
0.317184436
0.385302063
0.374980355
0.391205588
0.398938931
0.407394899
0.385069206
0.416948115
0.41983958
0.394878051
0.435084954
0.422181616
0.421444237
0.437280414
0.456796111
0.468078432
0.409583943
0.458451445
0.464903755
0.479614138
0.480345423
0.496101736
0.488624985
0.511315358
0.511889481
0.490274867
0.52495415
0.511196685
0.49132657
0.191728265
0.209240945
0.197672524
0.191839561
0.225895648
0.2324182
0.241992586
0.241644584
0.217266161
0.261768081
0.264160795
0.263477621
0.281403734
0.285396295
0.279775341
0.285037388
0.303284241
0.290380582
0.304699342
0.307160374
0.314242295
0.308922516
0.309371871
0.307528903
0.321517302
0.316863055
0.329879935
0.355114731
0.362644725
0.34474363
0.374787911
0.378113015
0.356282543
0.352258228
0.394839884
0.384479367
0.409385727
0.412892689
0.409458855
0.41069755
0.32420702
0.319396574
0.317966719
0.335725086
0.331793143
0.316194956
0.351710085
0.341348605
0.336291831
0.356591735
0.371994914
0.379154134
0.362235783
0.389192629
0.36988413
0.395403743
0.371570576
0.416473742
0.41713254
0.42252577
0.395516964
0.423487346
0.422481508
0.381222901
0.438636499
0.463268307
0.461687704
0.466814399
0.459736327
0.481679377
0.481541139
0.458780844
0.491842961
0.455392556
0.489445115
0.515809877
0.508403687
0.529063781
0.534426862
0.534049672
0.29579017
0.317996868
0.321175073
0.320650664
0.330062755
0.341649459
0.348291968
0.345812974
0.366492312
0.362123203
0.357988234
0.376574108
0.371896768
0.393003972
0.399928411
0.403601196
0.414148062
0.388160169
0.418041195
0.397971902
0.432180661
0.431838752
0.451960005
0.449723491
0.423135174
0.464920755
0.434162187
0.456731
0.435495821
0.431107467
0.468060792
0.48116812
0.477348116
0.49365193
0.451554591
0.507284307
0.50788858
0.474918196
0.525364055
0.522135815
0.397252484
0.422618785
0.43310022
0.440526936
0.454254573
0.451748959
0.456980856
0.463163745
0.467386918
0.44782664
0.479475257
0.488370318
0.483945079
0.490164533
0.485381991
0.475059642
0.507760606
0.477985104
0.517205412
0.444860444
0.540869871
0.516266288
0.508251978
0.555966743
0.559101327
0.55091895
0.570158169
0.571614004
0.56885276
0.557738507
0.595847133
0.598172172
0.610454558
0.58588337
0.620763436
0.608697549
0.62850576
0.597425811
0.588076906
0.648314291
0.101694209
0.073588475
0.114095269
0.103180834
0.111398173
0.119956456
0.113630197
0.116941508
0.130989885
0.14694698
0.131457201
0.132618599
0.141284009
0.151892778
0.166699702
0.155445606
0.160539907
0.169381082
0.195460386
0.189480525
0.177145858
0.220130682
0.195354542
0.182592971
0.220195792
0.19866874
0.21303978
0.194767589
0.225445651
0.208924055
0.218371749
0.220066854
0.267007035
0.243997527
0.239986683
0.247363684
0.229577413
0.293625822
0.312380083
0.282054835
0.164656594
0.194356401
0.185576166
0.206169867
0.201872283
0.189173256
0.248519949
0.236559906
0.238412174
0.229625524
0.221507615
0.221757471
0.23048286
0.249621047
0.248611039
0.271981379
0.253837163
0.24787815
0.275470059
0.286921731
0.278767259
0.294548268
0.298480851
0.319911681
0.299858105
0.328677163
0.302390662
0.297218742
0.365495455
0.332926957
0.337443606
0.338969684
0.344926452
0.348084128
0.3878699
0.359772506
0.412813788
0.383923205
0.416489779
0.377328166
0.212216442
0.206460457
0.213037856
0.173278384
0.231058266
0.231011438
0.253550743
0.240548618
0.247112867
0.298819231
0.262166439
0.260980987
0.253689623
0.245802005
0.252737028
0.256115054
0.256124034
0.257703033
0.263952315
0.290322529
0.27645505
0.317430443
0.328691917
0.358845249
0.335737273
0.324758692
0.347779426
0.36491588
0.33216905
0.35711005
0.356084968
0.380483918
0.339245519
0.345276698
0.403256401
0.340879043
0.386228999
0.372435289
0.367358309
0.427499793
0.309533203
0.323814757
0.294147344
0.289729162
0.304918087
0.335030364
0.281042903
0.337406079
0.368796504
0.423286563
0.333062951
0.359144499
0.395060231
0.401556804
0.332808925
0.371803754
0.388970036
0.393466158
0.389243947
0.382127707
0.407611077
0.413027079
0.417760227
0.420981731
0.454726059
0.461711118
0.432649581
0.487453003
0.442701868
0.437179702
0.443134866
0.467227511
0.466565185
0.467319243
0.502883124
0.510314972
0.511275265
0.52788282
0.53688629
0.520760806
0.216854972
0.190986075
0.203417604
0.242635027
0.218749579
0.243771406
0.224752534
0.258627403
0.240788852
0.269357732
0.273971887
0.277490075
0.284523885
0.289410667
0.284192241
0.302242801
0.289980621
0.278519327
0.287241187
0.320470409
0.307700499
0.306914367
0.329417108
0.301273527
0.418258977
0.354829273
0.358869305
0.397574506
0.298550451
0.381234769
0.363704769
0.378554351
0.389195516
0.379302315
0.410562518
0.398332093
0.369138732
0.423376691
0.404659634
0.425946774
0.310674713
0.322110669
0.294055933
0.3118839
0.343306719
0.350140709
0.344843059
0.353083811
0.369014285
0.372139889
0.379879646
0.363053988
0.362078621
0.384575588
0.394166652
0.397785873
0.386890042
0.41124858
0.412845541
0.420811739
0.396396752
0.409896985
0.425107399
0.442925103
0.415994237
0.437823426
0.415876205
0.449980082
0.462356766
0.4776711
0.441990148
0.493316437
0.493132974
0.479100634
0.509057033
0.507487657
0.50889506
0.495347358
0.530129598
0.526853568
0.300676952
0.32545662
0.296191094
0.313808977
0.342490117
0.311366548
0.355206463
0.331148137
0.345833822
0.368233927
0.367974449
0.380880032
0.375229249
0.395562189
0.397664634
0.380602592
0.4008345
0.383810304
0.413381496
0.420613523
0.433074561
0.428577797
0.423926117
0.449982327
0.447925106
0.429526223
0.422058774
0.431762417
0.448501795
0.466423739
0.491667196
0.501031498
0.502778243
0.477295514
0.492537682
0.517903341
0.515285467
0.519681519
0.518607684
0.528133317
0.420268087
0.427796477
0.421106178
0.438478695
0.391044898
0.439407557
0.471739991
0.448232374
0.467632604
0.458504047
0.464459532
0.48940406
0.453082271
0.503354291
0.51641479
0.483177871
0.486130596
0.512007834
0.527552459
0.503656748
0.514409849
0.538759086
0.529059291
0.525527632
0.510287389
0.54164221
0.56755056
0.54273978
0.571977081
0.577122701
0.594897104
0.607058572
0.684147914
0.66775718
0.625525131
0.662186581
0.68691429
0.589197889
0.70388845
0.698765924
0.217295668
0.201282123
0.223174818
0.213567717
0.195342995
0.221723152
0.266907926
0.245550546
0.24749615
0.265562105
0.249438546
0.243658825
0.276478143
0.260587119
0.280751351
0.297372697
0.287330032
0.284590599
0.284295199
0.302084356
0.330139092
0.324734637
0.326711031
0.326966981
0.35337408
0.328357065
0.360276387
0.364802017
0.332716872
0.359139367
0.375603231
0.38611706
0.379475514
0.378079016
0.383050473
0.411208808
0.417259233
0.405632758
0.41534891
0.418416139
0.320079749
0.322901292
0.318304457
0.33574882
0.338223323
0.320517557
0.350040637
0.310682732
0.362611369
0.368715356
0.37494764
0.379748785
0.382054257
0.394837959
0.375055729
0.402387519
0.384293338
0.411241203
0.405538781
0.40375932
0.421892631
0.419872936
0.429577862
0.429615068
0.449491917
0.454002793
0.455357275
0.465801505
0.468644858
0.464460494
0.461593086
0.46488419
0.495760148
0.486030526
0.501494966
0.48775097
0.460715865
0.521251216
0.493192311
0.522676903
0.306128556
0.326298881
0.313721415
0.328370216
0.325377077
0.348871864
0.355321609
0.361133402
0.363980925
0.3635274
0.374793364
0.381860852
0.370138476
0.366297304
0.385625688
0.401215537
0.392368909
0.415328382
0.41261974
0.409512098
0.426744453
0.418319275
0.43506154
0.423184247
0.454687571
0.456441694
0.457934414
0.466461265
0.4526172
0.474253303
0.48756013
0.492589321
0.498728269
0.500612932
0.512770872
0.509291814
0.525363734
0.508749123
0.512506262
0.538143908
0.425338653
0.431818547
0.438038
0.438541881
0.44375261
0.451289339
0.439408518
0.435480425
0.430477856
0.470801508
0.473049248
0.468522335
0.49329174
0.496187373
0.500974727
0.496222334
0.509123427
0.521359306
0.490223869
0.525300869
0.512433775
0.539323587
0.521268216
0.513393106
0.556821192
0.563577243
0.559704317
0.57550393
0.555547858
0.551557221
0.558724779
0.599402206
0.605820518
0.597183974
0.600460005
0.625941771
0.619174815
0.632282784
0.636835035
0.644253091
0.31168857
0.319290409
0.322137612
0.339193238
0.344848191
0.322125423
0.356538173
0.362883676
0.354459782
0.372788744
0.37762966
0.378261837
0.382995306
0.396264607
0.381394497
0.394674382
0.392077678
0.411730651
0.404503756
0.427688067
0.406259162
0.4329963
0.443200618
0.451053596
0.45735548
0.42661776
0.468555371
0.459856604
0.464327388
0.475208785
0.487133868
0.488009166
0.502012318
0.507167238
0.512416135
0.521836566
0.521998539
0.524042931
0.541026391
0.539687305
0.42523762
0.417416715
0.434430004
0.444580117
0.440744398
0.452694498
0.448961735
0.46432001
0.460172532
0.475230275
0.480420476
0.487576489
0.459604183
0.499347295
0.488973949
0.507296496
0.500819489
0.521073847
0.52343096
0.529471761
0.500023093
0.542196447
0.544469206
0.534341865
0.560620669
0.572122055
0.570610412
0.580873424
0.586529019
0.589042331
0.588080755
0.602248766
0.593838986
0.613762663
0.618626671
0.608484899
0.628818159
0.585927953
0.643076621
0.621119457
0.422362835
0.430305941
0.438091885
0.444442841
0.445092338
0.452645425
0.461201143
0.45171464
0.471037893
0.478008839
0.481875349
0.487461664
0.489759439
0.503294312
0.502013601
0.499313618
0.516316964
0.524173471
0.528913996
0.537304533
0.541292925
0.546554652
0.553234366
0.552396595
0.565745761
0.567391153
0.575523815
0.580432087
0.590143749
0.592444411
0.59942113
0.607021687
0.611685555
0.605349031
0.606410999
0.610342941
0.619501007
0.62647548
0.631395941
0.638780319
0.535447775
0.519758176
0.54310863
0.54927003
0.556886623
0.563296596
0.567357475
0.576569745
0.575601434
0.584431063
0.589956758
0.588535562
0.595853868
0.607609922
0.611141581
0.611490545
0.626008805
0.625728479
0.630390744
0.639887831
0.64402248
0.651591284
0.654583459
0.662441248
0.671984522
0.673362418
0.683041685
0.651623999
0.691740774
0.693047465
0.672110252
0.708841625
0.724140563
0.727504796
0.709446218
0.738978599
0.74567371
0.74795224
0.75646947
0.758895221
0.077633958
0.094875614
0.100097569
0.090042395
0.108630835
0.117281171
0.126576513
0.137704239
0.149442973
0.131986742
0.137247506
0.149114856
0.148903489
0.146199016
0.147067899
0.178081774
0.165482497
0.165481214
0.187541976
0.192838022
0.191656098
0.193979854
0.207475597
0.193928857
0.187291159
0.1987207
0.218223887
0.224833039
0.22154001
0.206590677
0.230870313
0.240380872
0.228050054
0.242314928
0.272113524
0.271240471
0.254910998
0.269629399
0.288975104
0.23475254
0.193649493
0.189777208
0.196098657
0.200363205
0.221255515
0.206895058
0.218922778
0.188841612
0.249741003
0.250419687
0.240825416
0.224843944
0.243207225
0.282462495
0.277867585
0.249937616
0.282604581
0.288067733
0.275816778
0.248395182
0.30645539
0.274610479
0.312675163
0.325989689
0.32883657
0.313650852
0.297148821
0.325218953
0.336411788
0.341983027
0.347138268
0.348598273
0.33613916
0.303036951
0.373451712
0.361160665
0.384452424
0.416243451
0.425105475
0.395916605
0.173373002
0.207356923
0.188030462
0.19659035
0.221321907
0.221790507
0.212317154
0.228680306
0.220806158
0.240750363
0.233018303
0.225732392
0.258355416
0.271328033
0.292825256
0.280120136
0.294841423
0.292030786
0.296086213
0.300376419
0.318419282
0.313040807
0.298942395
0.278550118
0.320517558
0.340661262
0.330324479
0.346137242
0.339261877
0.375226041
0.357803488
0.361472424
0.384356524
0.349945378
0.37737788
0.379407838
0.378656667
0.355922032
0.386969906
0.400496441
0.299438898
0.293753156
0.252857626
0.330629502
0.313080578
0.333853893
0.334072637
0.346080792
0.361002862
0.33287179
0.352218457
0.361999398
0.383020966
0.357680966
0.376925638
0.378187425
0.367143734
0.3717194
0.407288093
0.384939948
0.43139485
0.386878816
0.435769411
0.441986299
0.418297144
0.413258011
0.455011518
0.468321552
0.447648949
0.456797393
0.487660522
0.433013941
0.443426739
0.461360229
0.497434728
0.509115087
0.493196481
0.471259845
0.444812011
0.502609214
0.197543266
0.211315806
0.163930761
0.21851544
0.212714872
0.241550928
0.218370465
0.250629451
0.231470416
0.230340131
0.227690184
0.235841449
0.246185289
0.244122615
0.285539345
0.297025658
0.298739366
0.271230849
0.264022557
0.315005334
0.312254675
0.314926111
0.315692357
0.306083974
0.316200728
0.313808335
0.359624646
0.348064563
0.350442845
0.378782718
0.315301376
0.357325266
0.322295415
0.363663393
0.385813321
0.375150988
0.372940132
0.409030027
0.414098348
0.419877105
0.310096742
0.29031034
0.327337114
0.321016628
0.341517635
0.348942426
0.309695176
0.353830171
0.345183043
0.349468118
0.3580604
0.358934415
0.384709657
0.351705595
0.370853724
0.338016125
0.38135248
0.405309453
0.38880678
0.372466722
0.428472274
0.381148811
0.433357773
0.420096812
0.420585939
0.435901235
0.400352108
0.448987715
0.427009704
0.448064948
0.42614884
0.452676216
0.497108536
0.449065655
0.479277361
0.465121538
0.514715194
0.49961415
0.485260752
0.535640218
0.28244293
0.305687219
0.329572987
0.336217099
0.339699365
0.320784733
0.352344828
0.302049395
0.344146414
0.361413087
0.345844406
0.378045018
0.361467292
0.392099168
0.39735512
0.393822499
0.4064933
0.37252221
0.398513952
0.40118667
0.421752789
0.422737778
0.420105152
0.447038904
0.459048662
0.434592941
0.397420872
0.456156236
0.417134144
0.451205627
0.473713179
0.491367305
0.469662242
0.497679452
0.512633275
0.519342818
0.505304705
0.527550855
0.527765109
0.543115687
0.405381619
0.373209554
0.434368423
0.39981102
0.392519336
0.405822635
0.454922994
0.460559985
0.468346571
0.472813505
0.432614621
0.478753595
0.490505158
0.454515013
0.50046443
0.480928206
0.516914181
0.477761227
0.5076801
0.528496073
0.53715122
0.540181244
0.548773526
0.514503185
0.553936464
0.518511141
0.571371205
0.569473712
0.553934219
0.579518301
0.5672728
0.533337631
0.606817376
0.544990406
0.614335502
0.597797227
0.630027987
0.592045412
0.639222939
0.609844192
0.216562459
0.209415748
0.181146116
0.19142228
0.220865816
0.225343014
0.234216905
0.233224539
0.246860124
0.244143784
0.238636692
0.266291786
0.260974573
0.275321557
0.247819134
0.288451337
0.305904039
0.290196478
0.29468811
0.307246012
0.319279505
0.325263856
0.314787552
0.319435704
0.346763645
0.339547655
0.362071885
0.331004446
0.370942889
0.355721891
0.369347854
0.384627868
0.392553334
0.386029499
0.40480108
0.396410865
0.414531345
0.42044321
0.420342498
0.425546812
0.294669827
0.317865686
0.284045022
0.301493875
0.343201836
0.332710457
0.326206187
0.355119543
0.359837937
0.357339699
0.330041908
0.359034485
0.33625206
0.381645315
0.388020968
0.366493916
0.407105592
0.410723529
0.414674716
0.352793863
0.403488616
0.432375028
0.412550139
0.430072442
0.450611297
0.437545986
0.440161294
0.431862167
0.451609438
0.440664854
0.472356451
0.475956749
0.455307881
0.484802094
0.478791442
0.489784778
0.506334599
0.494959583
0.510051966
0.524115739
0.290157028
0.32496621
0.332089507
0.314921621
0.333617188
0.324134854
0.351657163
0.347276828
0.365619582
0.365227959
0.338723996
0.379598999
0.323589277
0.356933644
0.376829416
0.398464878
0.40035756
0.380501238
0.4203951
0.42537201
0.4066665
0.417832714
0.444344374
0.445996822
0.454745304
0.412725584
0.447812527
0.442310245
0.471482758
0.482652179
0.487457174
0.459391212
0.492249338
0.497388221
0.502292323
0.521289384
0.495576365
0.525506784
0.535624181
0.528571768
0.405563798
0.400058952
0.437044671
0.436280028
0.450370742
0.408207331
0.442092784
0.431728098
0.436907715
0.462083817
0.474614135
0.445249179
0.474430672
0.480276785
0.496078642
0.50496376
0.480414061
0.497292962
0.483709336
0.521610124
0.531432119
0.517227864
0.545883665
0.531825667
0.533067889
0.533843758
0.572545752
0.531384971
0.547701936
0.584314956
0.576285892
0.601767978
0.553832545
0.611000456
0.619616794
0.615373735
0.613257177
0.633226719
0.67034747
0.651930305
0.322750222
0.27907164
0.31950755
0.336203628
0.342892965
0.331246925
0.330600636
0.357285173
0.365526246
0.338052048
0.374428683
0.375464992
0.386262035
0.374261899
0.402306051
0.392433699
0.402719805
0.388735575
0.402799348
0.366720358
0.431016057
0.422141524
0.4313384
0.43698822
0.423551173
0.437457783
0.453828631
0.460492309
0.483271527
0.483256453
0.48943004
0.460849933
0.501145039
0.43452783
0.510554243
0.514385794
0.498800757
0.529332882
0.514893524
0.540845815
0.417381754
0.431706929
0.433307738
0.441952301
0.449778017
0.452138656
0.452753835
0.467852632
0.459228596
0.448708992
0.483570135
0.452344572
0.493029696
0.5002691
0.48314708
0.510090775
0.484518561
0.471009989
0.515274242
0.53408335
0.540688332
0.533455984
0.54775582
0.578945461
0.576376982
0.578160933
0.576456846
0.573263887
0.583090694
0.593468211
0.597862017
0.592666683
0.594742507
0.578914029
0.621259941
0.613765548
0.635617831
0.639144037
0.623142038
0.65270072
0.423875761
0.435036202
0.39857008
0.438713156
0.445792832
0.450695972
0.458738508
0.463239761
0.45644426
0.476770785
0.466848718
0.486194102
0.491095639
0.475764626
0.501999168
0.478798819
0.516007773
0.484006982
0.52445091
0.531908418
0.509027525
0.50193085
0.536308959
0.549755308
0.562579744
0.57105656
0.571692906
0.581936674
0.552516872
0.57945287
0.586300972
0.593798572
0.580581231
0.599792546
0.581407775
0.617391505
0.622826752
0.627016568
0.637753954
0.632984561
0.535504545
0.535992069
0.535400626
0.54468827
0.540198242
0.562835694
0.566080612
0.568759746
0.576751284
0.579628635
0.589193399
0.572247785
0.601057862
0.606590933
0.594351526
0.611756118
0.610933742
0.632804306
0.633216456
0.641844981
0.652517258
0.650082526
0.658915683
0.67093346
0.671186844
0.679934044
0.691056637
0.688159079
0.659669099
0.709118743
0.71003317
0.717804682
0.726514675
0.728303758
0.741306524
0.74091426
0.753747998
0.76359469
0.756895412
0.731723158
0.207259739
0.206093852
0.207723207
0.229533472
0.225302281
0.225220813
0.22800066
0.246287284
0.259673013
0.259288447
0.249931202
0.260754545
0.284404249
0.264424764
0.284259917
0.289408422
0.301654244
0.313282964
0.296916927
0.292549742
0.296286675
0.329165648
0.331703016
0.324301959
0.349070081
0.334346549
0.341338662
0.367304745
0.371016981
0.375734413
0.353010041
0.392286158
0.406598824
0.39578831
0.444540346
0.426438146
0.413567203
0.535574467
0.4449634
0.478497645
0.431185086
0.325792434
0.360444134
0.355918825
0.363024801
0.350047052
0.385387059
0.371078242
0.380488409
0.371942634
0.447933766
0.3915924
0.494686955
0.434913359
0.458650946
0.535667159
0.481382052
0.425586904
0.412951063
0.477967463
0.463519766
0.451764354
0.446565172
0.48917826
0.465521499
0.482375382
0.454218009
0.454914655
0.489956052
0.469167021
0.489155166
0.507335947
0.497066198
0.537470998
0.550376259
0.571626834
0.702563796
0.567774436
0.527669528
0.556681992
0.315807824
0.329067502
0.338782051
0.350043525
0.338009711
0.331646566
0.383771174
0.335064683
0.366966686
0.365689503
0.379859119
0.375965024
0.379095438
0.395837062
0.396004808
0.406826228
0.410646873
0.3981791
0.418236524
0.435090728
0.419511142
0.454946728
0.444085217
0.457844928
0.457853588
0.44520588
0.4532683
0.462204736
0.456399356
0.467239379
0.481456143
0.503726027
0.494106097
0.507838866
0.492339465
0.520771069
0.522563039
0.502207648
0.493377057
0.543854028
0.427778195
0.414082631
0.425557717
0.478118531
0.465949365
0.506701525
0.479420732
0.470170614
0.462017103
0.47341008
0.462973227
0.490975683
0.498343061
0.502572969
0.506595681
0.51628008
0.515929512
0.513391503
0.528088093
0.539774226
0.536699299
0.548157706
0.552831518
0.559333864
0.560770775
0.571462937
0.574312063
0.580302829
0.56381491
0.59159798
0.599073769
0.640824069
0.65496161
0.646138396
0.74709266
0.738718801
0.645399734
0.658944229
0.627229859
0.667332842
0.313266286
0.3273137
0.333364766
0.340881609
0.351675125
0.322578948
0.394330229
0.429418455
0.416985642
0.375447993
0.382486614
0.384774767
0.391647888
0.393739427
0.399633652
0.417064223
0.430271942
0.43588616
0.421645982
0.448732407
0.499749502
0.488183647
0.579523112
0.61073328
0.53905609
0.528715458
0.606986405
0.655115566
0.601787864
0.580264661
0.524226393
0.503520433
0.557730488
0.537309024
0.556524509
0.572250993
0.561663071
0.58459881
0.543611549
0.579167412
0.434907906
0.446212359
0.452484413
0.451912215
0.444634643
0.469922041
0.488237211
0.476261131
0.487551791
0.511997249
0.535528921
0.509186291
0.520012842
0.495196931
0.531003612
0.6196107
0.574445811
0.568859497
0.549943261
0.590086978
0.56407952
0.626090594
0.621969737
0.608626666
0.616908472
0.7247381
0.619547515
0.732868839
0.650036981
0.62595909
0.624097199
0.680390776
0.672653585
0.643651064
0.620489525
0.625878584
0.611763494
0.632832211
0.61713748
0.652667684
0.430563814
0.435696283
0.428656699
0.425603262
0.435595571
0.4369013
0.453721825
0.46841136
0.474276717
0.463104409
0.482628445
0.494272881
0.583719342
0.518297208
0.56060816
0.522323127
0.538116324
0.529148136
0.609763685
0.567143542
0.567991576
0.551512317
0.545150776
0.568205188
0.569982083
0.574948409
0.577814855
0.587579439
0.595177429
0.606569765
0.605596963
0.600253128
0.629508069
0.653158415
0.689190576
0.635167512
0.681184926
0.694717233
0.777279349
0.743068665
0.563254899
0.551785907
0.560429187
0.58401763
0.58946314
0.585097559
0.588037455
0.592594838
0.621935738
0.624764978
0.643441622
0.672433236
0.675316682
0.678397382
0.759034101
0.692164791
0.694737119
0.667899588
0.659310834
0.697283788
0.711493496
0.718628981
0.760440542
0.733348665
0.726848885
0.746387675
0.763829792
0.755339505
0.75620069
0.807708196
0.764888232
0.814255766
0.883993446
0.788784264
0.807298934
0.836787694
0.794956248
0.79421951
0.811917577
0.810596453
0.327154934
0.360918186
0.353211465
0.37170657
0.370642037
0.367103
0.356927229
0.37649713
0.376386155
0.369909789
0.398557892
0.399276348
0.413445644
0.40865348
0.425328068
0.430635661
0.439305881
0.438461375
0.44334495
0.454621499
0.466341309
0.438913297
0.444924911
0.464934226
0.480031099
0.480800231
0.487949188
0.461271705
0.484830319
0.49667618
0.507738474
0.512349741
0.517736878
0.526323386
0.526619428
0.537529693
0.541554969
0.541257965
0.549582429
0.551017416
0.429484528
0.436993352
0.441124152
0.447059431
0.45554587
0.45755947
0.466153676
0.474945458
0.472681681
0.456116144
0.491434981
0.491348702
0.49604721
0.487460381
0.501327219
0.518527499
0.524436477
0.535577994
0.548126594
0.555481144
0.547312559
0.572556336
0.568494495
0.561826006
0.673312061
0.601907179
0.599148501
0.556242259
0.594907367
0.601469691
0.636004321
0.626217606
0.624033052
0.673407963
0.709334601
0.832011888
0.619829123
0.655773722
0.642686922
0.663040069
0.439275732
0.441633165
0.445901242
0.462806442
0.456037884
0.446500383
0.533418137
0.490235416
0.494965037
0.512540582
0.520508384
0.512013286
0.536750617
0.510688954
0.527780183
0.524304974
0.530449696
0.544523731
0.568171511
0.574624463
0.603147799
0.573799522
0.571189667
0.572375119
0.599058374
0.603424917
0.594325547
0.606661175
0.612035161
0.613860166
0.619080517
0.597723778
0.612843744
0.615241591
0.613023679
0.627546749
0.604281291
0.655693537
0.670688736
0.680986709
0.548958913
0.552002407
0.584847062
0.558936147
0.601461352
0.578313284
0.58392654
0.583134635
0.603678622
0.590260178
0.602964015
0.614814686
0.608946763
0.60906255
0.638774224
0.641282405
0.763940448
0.732016635
0.663897725
0.658600718
0.660716954
0.661298776
0.663552289
0.68221097
0.725651887
0.754146676
0.754467415
0.700054654
0.783959063
0.736605771
0.75455626
0.743411857
0.771975606
0.83816976
0.767436184
0.780517532
0.782379102
0.783721075
0.766142323
0.793136374
0.418194187
0.444177269
0.445657159
0.445682176
0.453553117
0.457355801
0.470672571
0.47020814
0.478328615
0.48184071
0.519889358
0.493419715
0.513743995
0.50453846
0.512688122
0.521261801
0.523790508
0.526323707
0.5403708
0.538699107
0.546737473
0.543311337
0.563703935
0.56162779
0.570641524
0.572321555
0.589522157
0.585322719
0.5962843
0.56218748
0.610595041
0.648148149
0.61912478
0.624387468
0.670308339
0.832793209
0.774211158
0.833154682
0.712349549
0.744375037
0.555723623
0.555152066
0.560148541
0.553126918
0.567284666
0.56864396
0.581317648
0.583858223
0.587464293
0.595560072
0.59569831
0.605938871
0.620112977
0.614440705
0.623787686
0.632234032
0.631619816
0.644439441
0.642795973
0.660643826
0.633035239
0.675892409
0.684777847
0.677891897
0.685591562
0.707235042
0.689738719
0.698762395
0.717137544
0.710343326
0.708781005
0.707662266
0.717586258
0.733599804
0.728502295
0.71233255
0.743062571
0.747429756
0.759402309
0.76948667
0.540252127
0.551936655
0.553701042
0.552109855
0.561011009
0.56794988
0.602670859
0.584932699
0.582142909
0.58630867
0.578266456
0.602042852
0.614257884
0.617438333
0.620955238
0.626291376
0.633450596
0.637068534
0.633656831
0.652347907
0.659366963
0.662528169
0.676454664
0.674630621
0.679570004
0.69651209
0.701297197
0.711616019
0.705922257
0.720111438
0.734298694
0.728291891
0.742390624
0.768517716
0.787657186
0.759082211
0.766766801
0.766567943
0.771927174
0.814583241
0.667239507
0.650506864
0.674022178
0.668200762
0.672500592
0.671067529
0.677825183
0.688656866
0.699076079
0.703550391
0.756106713
0.731915923
0.904021685
0.757832932
0.806567327
0.779012624
0.818438847
0.846437774
0.775325086
0.818974481
0.814041834
0.824876082
0.804905578
0.803317598
0.83340101
0.820268343
0.925822648
0.827568688
0.820616986
0.834574915
0.828431156
0.840460479
0.841952557
0.859462352
0.854102158
0.870651338
0.880889974
0.885177295
0.886679317
0.894925522
0.099258515
0.107463023
0.109533716
0.09667464
0.123597488
0.133882311
0.131564328
0.134032416
0.128646564
0.155049173
0.140266304
0.142866215
0.165450424
0.152673137
0.181898571
0.163618361
0.176815175
0.195766371
0.187528826
0.197214188
0.212473034
0.208523451
0.204932135
0.194256972
0.219766322
0.22090238
0.212712626
0.252317822
0.238634446
0.243669089
0.249560427
0.261203901
0.241674413
0.258050393
0.250159567
0.30159138
0.24238036
0.236554132
0.266815874
0.300628841
0.174900362
0.222618336
0.213624809
0.215706084
0.19342305
0.208439418
0.234705712
0.226190087
0.254850699
0.262044238
0.287839366
0.238037551
0.222184055
0.268801891
0.283734867
0.25581035
0.279705421
0.292593683
0.247418851
0.279972917
0.326143003
0.314003666
0.311855996
0.32678416
0.302864073
0.340841838
0.315885122
0.333459705
0.356768463
0.333050121
0.339190673
0.358419629
0.327443278
0.390027513
0.362372097
0.362196653
0.40698307
0.370907288
0.39696863
0.404397912
0.206946056
0.208723913
0.176037062
0.205351983
0.228983725
0.208556808
0.225673376
0.220249676
0.260236231
0.238814381
0.251467543
0.276348243
0.275398534
0.270783739
0.289273071
0.280919098
0.263825623
0.260938649
0.257640489
0.318334286
0.285122705
0.320508897
0.295947332
0.31525519
0.320538085
0.343860635
0.337419871
0.364797527
0.347738693
0.345710659
0.336958328
0.35921859
0.374161186
0.386445177
0.415656819
0.397634484
0.370744353
0.379063365
0.418335312
0.379251639
0.284313801
0.291041306
0.291213543
0.300902753
0.317076347
0.351889699
0.297709152
0.314220164
0.329905915
0.336750168
0.375241757
0.366821712
0.353735233
0.368472236
0.385017567
0.402888192
0.400668036
0.416825272
0.393545381
0.386631205
0.375081387
0.419337302
0.419317416
0.394823206
0.400241132
0.450390628
0.41171718
0.436487546
0.426295417
0.450771988
0.476246056
0.476628697
0.493062411
0.45296905
0.460612586
0.490820765
0.498577522
0.508311956
0.468139373
0.456939481
0.194190579
0.218067687
0.224502037
0.201016551
0.212496768
0.192432288
0.216446351
0.229597941
0.23769436
0.236132681
0.220721484
0.274584178
0.265933521
0.283763733
0.281896069
0.293935656
0.267264268
0.277170618
0.29762159
0.247099716
0.283090181
0.311931049
0.319812252
0.32389462
0.329012656
0.349805536
0.347591152
0.375100632
0.342490757
0.328341669
0.400171852
0.413330177
0.435275473
0.464324821
0.434189129
0.345179835
0.415421718
0.418581319
0.422