1.6999E-5
1.604E-6
1.604E-6
1.283E-6
1.283E-6
9.63E-7
1.604E-6
9.62E-7
9.62E-7
1.283E-6
1.283E-6
1.603E-6
1.604E-6
1.283E-6
1.283E-6
9.62E-7
1.925E-6
1.603E-6
1.603E-6
1.604E-6
1.283E-6
2.245E-6
1.604E-6
1.604E-6
1.283E-6
1.924E-6
9.62E-7
1.283E-6
1.604E-6
1.604E-6
1.924E-6
1.604E-6
1.924E-6
1.603E-6
9.62E-7
1.604E-6
1.283E-6
1.603E-6
1.924E-6
1.282E-6
1.604E-6
1.924E-6
1.604E-6
1.604E-6
1.283E-6
9.62E-7
1.604E-6
1.283E-6
1.604E-6
1.283E-6
1.604E-6
1.603E-6
1.283E-6
1.283E-6
1.604E-6
1.283E-6
1.603E-6
9.62E-7
9.62E-7
1.282E-6
1.282E-6
9.62E-7
9.63E-7
1.283E-6
6.42E-7
1.924E-6
1.925E-6
1.283E-6
1.283E-6
1.283E-6
1.603E-6
6.42E-7
1.283E-6
9.62E-7
1.283E-6
1.283E-6
9.63E-7
1.603E-6
1.604E-6
1.283E-6
1.603E-6
9.63E-7
1.283E-6
9.62E-7
1.8603E-5
2.598E-5
3.21E-7
3.2E-7
3.21E-7
3.21E-7
0.0
3.21E-7
3.21E-7
3.2E-7
3.21E-7
3.21E-7
3.21E-7
3.21E-7
0.0
3.21E-7
0.0
0.0
3.21E-7
3.21E-7
3.21E-7
3.2E-7
3.21E-7
3.2E-7
3.21E-7
3.21E-7
0.0
3.21E-7
0.0
3.21E-7
3.21E-7
3.2E-7
3.2E-7
3.21E-7
3.21E-7
3.21E-7
3.21E-7
3.21E-7
3.21E-7
3.21E-7
0.0
3.21E-7
3.21E-7
3.21E-7
0.0
3.2E-7
3.21E-7
3.21E-7
0.0
0.0
3.21E-7
0.0
3.2E-7
0.0
0.0
3.21E-7
3.2E-7
0.0
0.0
0.0
3.21E-7
0.0
0.0
0.0
3.21E-7
0.0
0.0
0.0
0.0
3.21E-7
0.0
0.0
0.0
0.0
0.0
0.0
0.0
3.21E-7
3.21E-7
0.0
3.2E-7
3.21E-7
0.0
0.0
0.0
0.0
0.0
6.41E-7
0.0
0.0
3.21E-7
0.0
0.0
0.0
0.0
0.0
0.0
0.0
0.0
0.0
0.0
0.0
0.0
3.21E-7
0.0
3.21E-7
0.0
0.0
3.21E-7
3.21E-7
3.21E-7
3.21E-7
0.0
0.0
0.0
0.0
0.0
0.0
0.0
0.0
3.2E-7
0.0
0.0
3.2E-7
3.2E-7
0.0
3.21E-7
0.0
0.0
0.0
3.21E-7
3.2E-7
0.0
0.0
0.0
0.0
0.0
3.21E-7
0.0
3.2E-7
0.0
3.21E-7
3.2E-7
3.21E-7
0.0
3.21E-7
3.2E-7
3.21E-7
0.0
0.0
0.0
0.0
3.21E-7
0.0
0.0
0.0
0.0
0.0
3.2E-7
3.2E-7
0.0
3.21E-7
3.2E-7
3.21E-7
0.0
3.21E-7
0.0
3.2E-7
0.0
0.0
3.21E-7
3.21E-7
0.0
3.21E-7
0.0
0.0
3.21E-7
0.0
3.2E-7
0.0
0.0
0.0
0.0
3.2E-7
0.0
0.0
3.21E-7
3.21E-7
0.0
0.0
0.0
3.21E-7
3.2E-7
0.0
0.0
0.0
0.0
3.2E-7
3.21E-7
3.2E-7
3.21E-7
0.0
0.0
0.0
3.2E-7
0.0
