1520
2020
2520
4020
5520
4020
3520
3020
4520
5020
2520
3020
4520
4020
4520
4020
5520
6020
5520
7020
8520
5020
5520
3020
4520
5020
3520
4020
5520
5020
5520
3020
4520
5020
4520
5020
6520
5020
5520
5020
6520
7020
2520
3020
4520
4020
4520
3020
4520
5020
4520
5020
6520
4020
4520
4020
5520
6020
4520
5020
6520
6020
6520
3020
4520
5020
4520
5020
6520
5020
5520
5020
6520
7020
4520
5020
6520
6020
6520
5020
6520
7020
6520
7020
8520
3020
3520
3020
4520
5020
3520
4020
5520
5020
5520
3020
4520
5020
4520
5020
6520
5020
5520
5020
6520
7020
3520
4020
5520
5020
5520
4020
5520
6020
5520
6020
7520
5020
5520
5020
6520
7020
5520
6020
7520
7020
7520
3020
4520
5020
4520
5020
6520
5020
5520
5020
6520
7020
4520
5020
6520
6020
6520
5020
6520
7020
6520
7020
8520
5020
5520
5020
6520
7020
5520
6020
7520
7020
7520
5020
6520
7020
6520
7020
8520
7020
7520
7020
8520
9020
2520
3020
4520
4020
4520
3020
4520
5020
4520
5020
6520
4020
4520
4020
5520
6020
4520
5020
6520
6020
6520
3020
4520
5020
4520
5020
6520
5020
5520
5020
6520
7020
4520
5020
6520
6020
6520
5020
6520
7020
6520
7020
8520
4020
4520
4020
5520
6020
4520
5020
6520
6020
6520
4020
5520
6020
5520
6020
7520
6020
6520
6020
7520
8020
4520
5020
6520
6020
6520
5020
6520
7020
6520
7020
8520
6020
6520
6020
7520
8020
6520
7020
8520
8020
8520
3020
4520
5020
4520
5020
6520
5020
5520
5020
6520
7020
4520
5020
6520
6020
6520
5020
6520
7020
6520
7020
8520
5020
5520
5020
6520
7020
5520
6020
7520
7020
7520
5020
6520
7020
6520
7020
8520
7020
7520
7020
8520
9020
4520
5020
6520
6020
6520
5020
6520
7020
6520
7020
8520
6020
6520
6020
7520
8020
6520
7020
8520
8020
8520
5020
6520
7020
6520
7020
8520
7020
7520
7020
8520
9020
6520
7020
8520
8020
8520
7020
8520
9020
8520
9020
10520
3020
3520
3020
4520
5020
3520
4020
5520
5020
5520
3020
4520
5020
4520
5020
6520
5020
5520
5020
6520
7020
3520
4020
5520
5020
5520
4020
5520
6020
5520
6020
7520
5020
5520
5020
6520
7020
5520
6020
7520
7020
7520
3020
4520
5020
4520
