2.4055E-5
0.2428666
0.180515543
0.125335894
0.306912763
0.245068154
0.185675275
0.1239503
2.245E-6
0.471230977
0.178983052
2.566E-6
0.412178724
2.566E-6
1.924E-6
0.123522756
2.566E-6
2.887E-6
1.924E-6
0.125862228
2.887E-6
2.566E-6
1.925E-6
0.121795254
2.245E-6
2.566E-6
0.184104294
2.566E-6
1.604E-6
0.47232085
2.565E-6
2.887E-6
2.566E-6
0.479147784
2.566E-6
1.604E-6
1.283E-6
1.9565E-5
0.191380583
2.245E-6
1.603E-6
1.924E-6
2.887E-6
1.0584E-5
1.603E-6
2.565E-6
0.187932317
2.245E-6
1.925E-6
2.886E-6
1.925E-6
9.622E-6
1.603E-6
1.925E-6
1.603E-6
0.124056786
2.246E-6
2.245E-6
1.925E-6
2.886E-6
1.925E-6
1.925E-6
1.604E-6
2.245E-6
1.925E-6
2.887E-6
2.245E-6
0.125963901
2.566E-6
2.245E-6
2.566E-6
2.246E-6
1.604E-6
2.566E-6
2.245E-6
1.603E-6
1.925E-6
2.887E-6
0.18918769
2.566E-6
2.566E-6
2.887E-6
2.245E-6
1.0585E-5
2.245E-6
2.245E-6
2.566E-6
2.566E-6
2.566E-6
1.925E-6
2.245E-6
2.566E-6
2.566E-6
0.468934806
2.245E-6
1.604E-6
1.924E-6
2.245E-6
1.925E-6
2.566E-6
1.604E-6
1.925E-6
1.604E-6
2.566E-6
2.245E-6
2.566E-6
2.566E-6
1.0263E-5
2.566E-6
2.566E-6
2.246E-6
2.565E-6
0.532052109
2.565E-6
1.924E-6
1.924E-6
1.603E-6
2.566E-6
2.246E-6
2.245E-6
1.925E-6
1.603E-6
1.924E-6
2.566E-6
2.566E-6
1.924E-6
1.0264E-5
2.566E-6
2.245E-6
2.566E-6
1.925E-6
0.126953382
2.566E-6
2.245E-6
2.245E-6
1.924E-6
1.604E-6
2.245E-6
2.245E-6
2.245E-6
1.604E-6
2.245E-6
2.245E-6
2.566E-6
1.925E-6
1.925E-6
1.925E-6
2.245E-6
1.925E-6
2.246E-6
2.887E-6
9.943E-6
1.604E-6
9.63E-7
2.245E-6
0.129650478
2.566E-6
2.245E-6
2.246E-6
2.245E-6
1.604E-6
2.245E-6
2.245E-6
9.622E-6
2.245E-6
2.887E-6
2.566E-6
3.207E-6
2.887E-6
1.925E-6
2.246E-6
9.622E-6
1.604E-6
1.283E-6
2.887E-6
2.566E-6
1.924E-6
2.887E-6
2.887E-6
1.0263E-5
1.283E-6
2.246E-6
0.186954383
2.566E-6
2.566E-6
1.925E-6
1.924E-6
1.925E-6
1.283E-6
1.925E-6
2.887E-6
2.245E-6
2.566E-6
2.245E-6
2.245E-6
1.1226E-5
1.925E-6
1.924E-6
2.245E-6
1.924E-6
6.415E-6
2.245E-6
2.245E-6
9.943E-6
1.283E-6
2.245E-6
2.887E-6
2.887E-6
2.245E-6
2.566E-6
2.566E-6
2.246E-6
2.246E-6
2.566E-6
2.245E-6
1.924E-6
2.566E-6
2.246E-6
2.245E-6
9.622E-6
1.604E-6
0.584311427
2.566E-6
1.925E-6
1.604E-6
2.566E-6
1.924E-6
1.925E-6
2.887E-6
2.245E-6
2.886E-6
2.245E-6
1.924E-6
1.925E-6
3.207E-6
2.566E-6
6.094E-6
2.245E-6
2.245E-6
2.246E-6
1.603E-6
2.245E-6
2.246E-6
2.566E-6
2.245E-6
1.924E-6
1.925E-6
2.566E-6
2.566E-6
1.924E-6
2.566E-6
1.0905E-5
1.8924E-5
2.2131E-5
3.21E-7
6.41E-7
6.42E-7
3.2E-7
6.42E-7
3.21E-7
3.21E-7
0.473132962
3.2E-7
3.21E-7
3.21E-7
3.2E-7
3.2E-7
8.34E-6
6.42E-7
3.2E-7
3.21E-7
3.21E-7
3.2E-7
3.21E-7
3.21E-7
3.21E-7
3.2E-7
3.2E-7
3.2E-7
8.018E-6
3.21E-7
3.21E-7
3.21E-7
3.21E-7
3.21E-7
3.2E-7
3.21E-7
3.21E-7
3.21E-7
3.21E-7
3.21E-7
3.2E-7
3.21E-7
3.21E-7
3.21E-7
8.339E-6
6.41E-7
3.21E-7
3.21E-7
3.2E-7
3.21E-7
3.21E-7
3.21E-7
3.21E-7
3.2E-7
3.21E-7
3.21E-7
3.21E-7
3.21E-7
3.21E-7
3.2E-7
3.21E-7
3.2E-7
3.21E-7
3.21E-7
3.2E-7
0.877088574
6.41E-7
3.21E-7
0.0
3.21E-7
3.2E-7
6.42E-7
3.21E-7
3.21E-7
3.21E-7
3.21E-7
8.339E-6
3.21E-7
3.21E-7
3.21E-7
3.2E-7
3.2E-7
3.2E-7
3.21E-7
3.21E-7
3.21E-7
3.21E-7
3.21E-7
3.21E-7
3.21E-7
3.21E-7
6.41E-7
3.21E-7
3.2E-7
3.2E-7
3.21E-7
3.21E-7
3.21E-7
6.42E-7
3.21E-7
3.21E-7
3.21E-7
6.41E-7
0.0
3.2E-7
3.21E-7
3.21E-7
3.21E-7
3.21E-7
3.21E-7
3.21E-7
3.21E-7
3.21E-7
3.2E-7
3.21E-7
3.21E-7
3.2E-7
3.21E-7
3.21E-7
0.188044896
3.21E-7
3.21E-7
3.21E-7
3.21E-7
3.21E-7
3.2E-7
3.21E-7
6.41E-7
3.21E-7
3.21E-7
3.2E-7
3.21E-7
3.2E-7
3.21E-7
3.21E-7
3.21E-7
