0.277066378
0.238696991
0.485679316
0.236910794
0.359114028
0.469760389
0.358830816
0.237516991
0.475627671
0.361773598
0.599729361
0.481092104
0.237941008
0.351703349
0.478259335
0.239385618
0.476824348
0.466484037
0.726973973
0.356318466
0.479162858
0.58172659
0.598886778
0.473672765
0.719621669
0.236098362
0.478676617
0.350334756
0.357984706
0.46989542
0.598127268
0.237578252
0.480340933
0.46894058
0.713549755
0.469529777
0.605964209
0.708992372
0.483703242
0.353045322
0.60435891
0.467954948
0.713704352
0.586583223
0.47883378
0.590324325
0.72518072
0.472384676
0.719357059
0.710651556
0.972690021
0.237753055
0.362635104
0.468607972
0.475875923
0.353027681
0.58978805
0.350112484
0.590734551
0.486443638
0.484855979
0.59254801
0.72293298
0.238519943
0.476828839
0.470520541
0.718830084
0.468586163
0.602177241
0.728158463
0.600846816
0.472392695
0.725981285
0.583736343
0.840485175
0.706652259
0.364828959
0.473588732
0.604492658
0.358401667
0.605795821
0.586619146
0.845366505
0.474147459
0.603941949
0.707842843
0.723733866
0.59014888
0.854641962
0.473950526
0.719022848
0.590321117
0.60020213
0.704916098
0.854483196
0.470846732
0.721915275
0.713314333
0.977838526
0.709057803
0.851054494
0.95180605
0.361364014
0.236017536
0.480251768
0.353314743
0.594460257
0.474021088
0.364488013
0.466926016
0.593720633
0.354829274
0.597046377
0.586897227
0.844661521
0.357321097
