7.698E-6
6.41E-7
6.42E-7
6.41E-7
6.42E-7
6.41E-7
3.21E-7
6.41E-7
3.21E-7
6.41E-7
6.42E-7
9.62E-7
9.63E-7
1.603E-6
6.41E-7
6.41E-7
6.42E-7
3.2E-7
6.41E-7
6.41E-7
9.62E-7
6.42E-7
9.62E-7
9.62E-7
9.63E-7
1.283E-6
6.41E-7
9.62E-7
1.283E-6
9.62E-7
9.62E-7
9.62E-7
6.42E-7
6.42E-7
3.21E-7
6.41E-7
3.21E-7
2.887E-6
9.63E-7
9.62E-7
0.0
0.0
0.0
0.0
0.0
0.0
0.0
0.0
0.0
0.0
0.0
3.21E-7
0.0
0.0
0.0
0.0
0.0
0.0
0.0
0.0
0.0
0.0
0.0
0.0
0.0
0.0
0.0
0.0
3.2E-7
0.0
3.21E-7
0.0
0.0
3.21E-7
0.0
0.0
0.0
3.21E-7
0.0
0.0
3.2E-7
0.0
0.0
0.0
0.0
0.0
3.21E-7
0.0
9.62E-7
0.0
0.0
3.21E-7
0.0
0.0
0.0
0.0
3.21E-7
0.0
0.0
3.2E-7
0.0
3.2E-7
0.0
0.0
3.21E-7
6.41E-7
0.0
0.0
0.0
0.0
3.21E-7
0.0
0.0
0.0
0.0
3.21E-7
3.21E-7
0.0
0.0
0.0
0.0
0.0
0.0
0.0
3.21E-7
0.0
0.0
3.2E-7
0.0
0.0
0.0
0.0
0.0
3.21E-7
0.0
0.0
0.0
0.0
0.0
0.0
0.0
3.2E-7
0.0
0.0
0.0
0.0
0.0
0.0
3.21E-7
3.2E-7
3.21E-7
0.0
0.0
0.0
0.0
0.0
0.0
0.0
0.0
3.2E-7
0.0
0.0
0.0
0.0
0.0
0.0
0.0
0.0
3.21E-7
0.0
0.0
0.0
0.0
0.0
0.0
0.0
0.0
0.0
0.0
0.0
0.0
0.0
0.0
0.0
0.0
0.0
0.0
0.0
0.0
0.0
0.0
0.0
0.0
0.0
0.0
0.0
0.0
0.0
0.0
0.0
0.0
0.0
0.0
0.0
0.0
0.0
0.0
0.0
0.0
0.0
0.0
0.0
0.0
3.21E-7
0.0
3.21E-7
0.0
0.0
0.0
0.0
0.0
0.0
0.0
0.0
0.0
0.0
0.0
3.2E-7
0.0
0.0
0.0
0.0
0.0
0.0
0.0
0.0
0.0
3.21E-7
0.0
0.0
0.0
3.2E-7
0.0
0.0
0.0
0.0
0.0
0.0
0.0
0.0
0.0
0.0
0.0
0.0
0.0
0.0
0.0
0.0
0.0
3.21E-7
0.0
3.21E-7
0.0
3.2E-7
0.0
0.0
0.0
0.0
0.0
0.0
0.0
0.0
0.0
3.21E-7
0.0
3.21E-7
0.0
0.0
0.0
0.0
0.0
3.2E-7
3.21E-7
0.0
0.0
0.0
0.0
3.21E-7
3.21E-7
3.21E-7
0.0
0.0
0.0
0.0
0.0
0.0
0.0
0.0
0.0
0.0
0.0
0.0
0.0
0.0
0.0
0.0
0.0
0.0
0.0
3.2E-7
0.0
0.0
0.0
0.0
0.0
0.0
3.21E-7
0.0
0.0
0.0
0.0
3.2E-7
0.0
0.0
0.0
3.21E-7
0.0
0.0
0.0
0.0
0.0
0.0
3.2E-7
0.0
3.21E-7
0.0
0.0
0.0
0.0
0.0
0.0
0.0
0.0
0.0
0.0
0.0
0.0
0.0
0.0
0.0
0.0
0.0
0.0
0.0
0.0
0.0
0.0
3.2E-7
0.0
0.0
0.0
0.0
0.0
3.21E-7
3.21E-7
0.0
3.21E-7
0.0
0.0
0.0
0.0
0.0
0.0
3.21E-7
0.0
0.0
0.0
0.0
0.0
0.0
0.0
0.0
0.0
0.0
0.0
0.0
0.0
