1000
2000
3000
2000
3000
4000
5000
2000
3000
4000
5000
4000
5000
6000
7000
2000
3000
4000
5000
4000
5000
6000
7000
4000
5000
6000
7000
6000
7000
8000
9000
2000
3000
4000
5000
4000
5000
6000
7000
4000
5000
6000
7000
6000
7000
8000
9000
4000
5000
6000
7000
6000
7000
8000
9000
6000
7000
8000
9000
8000
9000
10000
11000
2000
3000
4000
5000
4000
5000
6000
7000
4000
5000
6000
7000
6000
7000
8000
9000
4000
5000
6000
7000
6000
7000
8000
9000
6000
7000
8000
9000
8000
9000
10000
11000
4000
5000
6000
7000
6000
7000
8000
9000
6000
7000
8000
9000
8000
9000
10000
11000
6000
7000
8000
9000
8000
9000
10000
11000
8000
9000
10000
11000
10000
11000
12000
13000
2000
3000
4000
5000
4000
5000
6000
7000
4000
5000
6000
7000
6000
7000
8000
9000
4000
5000
6000
7000
6000
7000
8000
9000
6000
7000
8000
9000
8000
9000
10000
11000
4000
5000
6000
7000
6000
7000
8000
9000
6000
7000
8000
9000
8000
9000
10000
11000
6000
7000
8000
9000
8000
9000
10000
11000
8000
9000
10000
11000
10000
11000
12000
13000
4000
5000
6000
7000
6000
7000
8000
9000
6000
7000
8000
9000
8000
9000
10000
11000
6000
7000
8000
9000
8000
9000
10000
11000
8000
9000
10000
11000
10000
11000
12000
13000
6000
7000
8000
9000
8000
9000
10000
11000
8000
9000
10000
11000
10000
11000
12000
13000
8000
9000
10000
11000
10000
11000
12000
13000
10000
11000
12000
13000
12000
13000
14000
15000
2000
3000
4000
5000
4000
5000
6000
7000
4000
5000
6000
7000
6000
7000
8000
9000
4000
5000
6000
7000
6000
7000
8000
9000
6000
7000
8000
9000
8000
9000
10000
11000
4000
5000
6000
7000
6000
7000
8000
9000
6000
7000
8000
9000
8000
9000
10000
11000
6000
7000
8000
9000
8000
9000
10000
11000
8000
9000
10000
11000
10000
11000
12000
13000
4000
5000
6000
7000
6000
7000
8000
9000
6000
7000
8000
9000
8000
9000
10000
11000
6000
7000
8000
9000
8000
9000
10000
11000
8000
9000
10000
11000
10000
11000
12000
13000
6000
7000
8000
9000
8000
9000
10000
11000
8000
9000
10000
11000
10000
11000
12000
13000
8000
9000
10000
11000
10000
11000
12000
13000
10000
11000
12000
13000
12000
13000
14000
15000
4000
5000
6000
7000
6000
7000
8000
9000
6000
7000
8000
9000
8000
9000
10000
11000
6000
7000
8000
9000
8000
9000
10000
11000
8000
9000
10000
11000
10000
11000
12000
13000
6000
7000
8000
9000
8000
9000
10000
11000
8000
9000
10000
11000
10000
11000
12000
13000
8000
9000
10000
11000
10000
11000
12000
13000
10000
11000
12000
13000
12000
13000
14000
15000
6000
7000
8000
9000
8000
9000
10000
11000
8000
9000
10000
11000
10000
11000
12000
13000
8000
9000
10000
11000
10000
11000
12000
13000
10000
11000
12000
13000
12000
13000
14000
15000
8000
9000
10000
11000
10000
11000
12000
13000
10000
11000
12000
13000
12000
13000
14000
15000
10000
11000
12000
13000
12000
13000
14000
15000
12000
13000
14000
15000
14000
15000
16000
17000
2000
3000
4000
5000
4000
5000
6000
7000
4000
5000
6000
7000
6000
7000
8000
9000
4000
5000
6000
7000
6000
7000
8000
9000
6000
7000
8000
9000
8000
9000
10000
11000
4000
5000
6000
7000
6000
7000
8000
9000
6000
7000
8000
9000
8000
9000
10000
11000
6000
7000
8000
9000
8000
9000
10000
11000
8000
9000
10000
11000
10000
11000
12000
13000
4000
5000
6000
7000
6000
7000
