0.092825129
0.080600155
0.194876961
0.103185005
0.174238678
0.192821344
0.181287241
0.101704792
0.198513182
0.199315671
0.194504904
0.214546292
0.198516068
0.187431322
0.195554683
0.089127968
0.161834089
0.193445823
0.182116994
0.189907749
0.17321167
0.205580349
0.179748014
0.192991977
0.171884772
0.192184677
0.189960671
0.181122061
0.167862062
0.193793184
0.19802245
0.096692281
0.19012938
0.178685727
0.184237401
0.171148676
0.19003829
0.184430165
0.19897665
0.21321747
0.185508811
0.179335864
0.184875992
0.195504006
0.194742572
0.167792461
0.183169339
0.20370659
0.188695676
0.150049811
0.212168332
0.202507988
0.218764012
0.173595916
0.159475694
0.205427356
0.199066136
0.188915061
0.184543386
0.178496169
0.200854898
0.170384996
0.188384238
0.094145291
0.198970555
0.192659691
0.193429144
0.19251183
0.209744506
0.20022176
0.180795228
0.166067205
0.184599837
0.165235849
0.185804212
0.18794675
0.180760909
0.202655207
0.174801575
0.201634294
0.151482874
0.200691001
0.184145028
0.161078428
0.205610819
0.181259337
0.17273858
0.196743663
0.191482257
0.169912227
0.200867407
0.192613184
0.202474311
0.187689837
0.18910975
0.212520182
0.274070995
0.285300074
0.217080132
0.267646589
0.200891784
0.174611377
0.165626509
0.269221098
0.159597254
0.187923336
0.184235156
0.179474103
0.173008642
0.196920711
0.203305987
0.271851801
0.214352245
0.19215613
0.200681058
0.175263439
0.209350317
0.191316114
0.208382968
0.175082221
0.204184812
0.180020001
0.201749119
0.186406239
0.185143809
0.177121802
0.205115277
0.094121556
0.206051835
0.175231044
0.210139656
0.16220743
0.190514587
0.180990558
0.193329395
0.198909935
0.187242085
0.183569301
0.198134709
0.211024576
0.20646174
0.183023724
0.198351529
0.195989285
0.19456392
0.204802236
0.213364368
0.192585921
0.189125466
0.206420365
0.200926423
0.165885025
0.17564159
0.196980369
0.199043363
0.209831105
0.183597526
0.168377811
0.166096714
0.207914047
0.187766815
0.175768603
0.205823148
0.190477061
0.20086003
0.155694179
0.218162947
0.204868629
0.193933026
0.182345681
0.161298134
0.183509323
0.192054135
0.190596697
0.195377314
0.181903703
0.162306538
0.190122965
0.181480006
0.195920967
0.199347424
0.195003654
0.189594066
0.170917102
0.17041707
0.151861988
0.205210216
0.183823006
0.199575149
0.191542877
0.157194598
0.212471109
0.184378205
0.186707092
0.205976462
0.186939949
0.190058176
0.180427661
0.191666683
0.208081793
0.192726405
0.191145802
0.182348568
0.181994151
0.179148553
0.200209571
0.174212056
0.200896594
0.20805838
0.17414887
0.203018926
0.184837504
0.201514017
0.173355362
0.184402261
0.192159018
0.18664519
0.167199093
0.194813776
0.176202884
0.16682864
0.185771176
0.193093331
0.202969211
0.192380327
0.172521761
0.204527041
0.16958379
0.196200652
0.19160478
0.197064402
0.183489438
0.195870932
0.197926229
0.186541912
0.154029542
0.176801063
0.166295572
0.16154831
0.190553397
0.179052331
0.191309059
0.18257533
0.183951302
0.203279045
0.155490831
0.173254008
0.174311165
0.17417036
0.196485789
0.152400188
0.174362804
0.185815437
0.194301555
0.170066182
0.100153057
0.212703966
0.206291107
0.17325914
0.192302067
0.185497585
0.185039249
0.2005085
0.200223042
0.167841214
0.172406936
0.179239643
0.160455873
0.203844188
0.180039567
0.199117774
0.20109417
0.19153518
0.164311479
0.204106231
0.156917799
0.181395651
0.199349348
0.159913503
0.152456317
0.181499571
0.188834556
0.205389188
0.209231964
0.195448198
0.185122962
0.175144766
0.207054787
0.189702797
0.158224811
0.223386184
0.172928778
0.179490461
0.184152085
0.207873954
0.178655256
0.201567901
0.180244839
0.175158558
0.166143221
0.194977353
0.172636585
0.191989346
0.187434209
0.204638658
0.176953414
0.178558713
0.178181845
0.192363007
0.184198592
0.172462744
0.176891832
0.175062336
0.176759367
0.179080556
0.168775527
0.188190511
0.201927771
0.203518958
0.212771322
0.198130539
0.191784073
0.194036304
0.17233894
0.209876009
0.202664509
0.2048821
0.210659895
0.189250234
0.191320285
0.207839636
0.197323239
0.211778313
0.179425351
0.20830984
0.216255832
0.191182046
0.180085753
0.216817446
0.191636212
0.200581308
0.200524537
0.195518119
0.209615247
0.190191283
0.181910117
0.189517409
0.189006472
0.181090949
0.191992874
0.200804222
0.20281269
0.152398584
0.182348568
0.184079918
0.174219113
0.195853932
0.192060871
0.202662263
0.187025266
0.174799971
0.180055283
0.195412917
0.176546075
0.196985821
0.192686954
0.198829109
0.193867274
0.204493363
0.187719666
0.191450825
0.195368975
0.193595929
0.149732279
0.161230137
0.202344731
0.19309718
0.20067753
0.174179662
0.202015653
0.210101809
0.151805216
0.199123869
0.197491948
0.166948597
0.197930077
0.20435288
0.18447988
0.201177882
0.20476086
0.201213484
0.193795108
0.217450906
0.185426381
0.185905566
0.181012048
0.177348565
0.207862728
0.193202382
0.207613514
0.191310983
0.184550442
0.197122136
0.173448055
0.205711531
0.170874124
0.194508432
0.205401055
0.18586419
0.193959647
0.196595482
0.174733578
0.192296614
0.186142591
0.202736354
0.198810186
0.19363506
0.177080106
0.189833658
0.199626788
0.197824233
0.19642549
0.191226949
0.209206306
0.178861812
0.158088818
0.175061374
0.197981075
0.206167302
0.195808709
0.194902941
0.196922636
0.175969065
0.189419905
0.181547361
0.203153636
0.189542748
0.188349278
0.17779343
0.183194677
0.183757575
0.18001936
0.187017247
0.159020886
0.203662329
0.189846488
0.189902938
0.208161978
0.190070363
0.169986638
0.203939767
0.167430668
0.205986405
0.191970423
0.189520296
0.205722437
0.192844758
0.188250489
0.191280512
0.170021278
0.189667836
0.19281557
0.189840715
0.179478273
0.196554747
0.186808125
0.175854241
0.179789069
0.180696761
0.207429731
0.19063294
0.212420112
0.176103455
0.163213268
0.196291101
0.192977223
0.204913853
0.179524459
0.177260041
0.192226052
0.199388799
0.181577511
0.182549992
0.180905241
0.209344864
0.183512531
0.201587467
0.198892615
0.187950919
0.213740274
0.191437354
0.16465884
0.203237028
0.184798374
0.202708771
0.184443315
0.191476805
0.17364948
0.198048752
0.162683086
0.190261204
0.165341051
0.17504662
0.172500913
0.201444738
0.189758926
0.207591704
0.20743775
0.173686044
0.176844042
0.176619204
0.095768872
0.191918143
0.165559795
0.190118474
0.182372944
0.177314567
0.170155668
0.188789972
0.168618686
0.184595667
0.194071264
0.192563149
0.161672437
0.174402255
0.178771364
0.179680018
0.177184987
0.179490461
0.187788946
0.20178889
0.18584655
0.202535892
0.176487701
0.165287168
0.189154653
0.180408416
0.187932316
0.212524994
0.196226632
0.203911221
0.160464212
0.188487195
0.185258314
0.191067542
0.168517653
0.189143107
0.210031247
0.206484834
0.162573072
0.18589434
0.193632814
0.210643859
0.192044513
0.175485711
0.192058947
0.212459242
0.186489953
0.173514449
0.200883765
0.207539745
0.187859188
0.21099154
0.181288525
0.203718137
0.195964588
0.187768419
0.196487713
0.181821273
0.169000045
0.192802741
0.180379229
0.188120269
0.177065032
0.19729309
0.196272498
0.182791829
0.175563971
0.159610725
0.203520241
0.176528114
