0.121236847
0.121262186
0.236522379
0.357398073
0.239350657
0.354859423
0.353791041
0.241893477
0.351218713
0.237209082
0.351174451
0.477406811
0.471690917
0.471337463
0.472564611
0.475181843
0.584814026
0.587722809
0.600444609
0.473551525
0.35308766
0.464455683
0.466600145
0.470619649
0.588381929
0.695306431
0.700094746
0.695262811
0.70388877
0.585471541
0.586127453
0.589126044
0.47285039
0.582878365
0.584986584
0.583634026
0.703742192
0.697526587
0.698237987
0.703543334
0.497329846
0.609516396
0.474296924
0.580054577
0.699330746
0.709309904
0.696469111
0.69851703
0.700024184
0.702963117
0.817320429
0.815727318
0.814415495
0.822004504
0.699119378
0.701149016
0.696123354
0.70133312
0.814593184
0.820067561
0.809402983
0.818341021
0.696991274
0.701922639
0.70071666
0.704109438
0.82089603
0.836219344
0.850648439
0.962151814
0.951626437
0.945286065
1.065178372
1.070545943
0.955293127
0.942943064
0.948427704
0.945374268
1.072411683
1.074682516
1.068192359
1.092799469
0.846916318
0.930576323
0.936858962
0.931124467
0.83668153
0.716390863
0.821460531
0.825052489
0.83272425
0.942328849
0.945233142
0.945495186
0.952673649
0.948404611
0.467673018
0.978395008
0.949318397
0.953639716
1.065318856
1.069270684
1.063610921
1.204453592
1.204731994
1.216419088
1.219532824
1.097237216
1.084423686
1.083964387
1.082594511
1.224254426
1.220052101
1.269136743
1.250183944
1.082073309
1.07474089
1.073401164
1.07073999
0.943359383
0.946001313
0.835211582
0.829727263
0.826184378
0.830150318
0.945725476
0.952102093
0.951641831
0.958590647
0.830118564
0.828264692
0.835259693
0.71481026
0.827466372
0.824749391
0.83018175
0.947761529
0.947311853
0.938155069
0.942886293
0.832794813
0.81787146
0.838870254
0.835263221
0.956594365
1.075263054
1.072683029
1.074353437
1.071483464
1.077456269
1.193567062
1.212268723
1.188763672
1.202177948
1.075306033
1.076437922
1.073728638
1.081853603
1.196064337
1.213269108
1.207081408
1.208342234
1.071080295
1.070246693
1.078360433
0.833594736
0.944780579
0.94917631
0.820818411
0.824346542
0.9428802
0.940866278
0.936803796
0.934695256
0.711793387
0.826861137
0.701862661
0.81777203
0.939987774
0.936660746
0.944347582
0.947168482
0.953135193
1.071946931
1.06512096
1.069637931
1.072222768
0.946388124
0.944601606
0.943046021
0.946865384
0.948342709
1.05908529
0.939262583
1.057070407
1.072526828
0.943759667
0.95568507
0.955452214
0.972372809
1.078393469
1.072300387
1.075956813
1.20319854
1.198007055
1.196320608
1.192612543
1.096362561
1.07323021
1.066077084
1.095502339
1.203984029
1.20615383
1.180075169
1.18663236
1.195628774
1.2135953
1.183120908
1.191393413
1.181314504
1.194153694
1.075032763
1.067130712
1.078969517
1.07367732
1.200249663
1.236125625
1.215083851
1.19856033
1.061511362
1.097615689
1.259136737
1.094297642
1.197383538
1.269826012
1.254319234
1.355756851
1.328119397
1.355069507
1.182714852
1.179709847
1.07588144
1.064406353
1.080814728
1.067261574
1.190047271
1.186179798
1.19534043
1.193828785
1.098177624
1.081831473
1.074919543
1.060708231
1.075740315
0.946577681
0.955629903
0.944292414
0.948076816
1.061590905
1.070725557
1.060400962
1.077219242
0.945092658
0.94106257
1.104001606
1.229357707
1.350904709
1.287879458
1.540128
1.436587938
1.496967732
1.738628994
1.428225626
1.656538686
1.357931142
1.243950057
1.202519856
1.263435284
1.811431978
1.733958711
1.333716617
1.356503853
1.356271959
1.501755085
1.549156809
1.500318173
1.539899955
2.048447334
1.51693952
1.462367991
1.117090331
1.50483803
1.595386231
1.627931957
2.047361632
1.655890471
1.52816924
1.8919744
1.470560633
1.437926062
1.400745975
1.486330737
1.592191989
1.810670223
1.534775825
1.525699228
1.528357193
1.379155738
1.349717654
1.345812974
1.346981106
1.364423545
1.35850687
1.337526357
1.351721632
1.374653842
1.42470423
1.464777385
1.454769039
1.464912095
1.467447859
1.319165642
1.491166201
1.409754898
1.427545979
1.454206462
1.499450253
1.693949704
1.79471826
1.41694587
1.515262375
1.462171699
1.191127521
1.439356238
1.297889408
1.314983203
1.401303741
1.58330591
1.747168995
1.659844545
1.515259808
1.370942248
1.381251447
1.401749889
1.398304508
1.47226023
1.515254997
1.489253634
1.44462021
1.198085315
1.333526739
1.370923645
1.388275956
1.261533941
1.155585449
1.235459129
1.201249728
1.292928214
1.438510448
1.357168745
1.198123804
1.19254198
1.240640991
1.092882861
1.341421734
1.20174495
1.365002158
1.42603594
1.227084628
1.257631508
1.391305017
1.344810664
1.308066462
1.314597033
1.224137035
1.220477401
1.204279751
1.20349394
1.328116511
1.321839324
1.319790762
1.318272062
1.212869788
1.208693764
1.322412485
1.323977692
1.32653238
0.952036662
1.207318434
1.217328063
1.213412158
1.222561885
1.32358607
1.331397352
1.328052362
1.339332439
1.208059983
1.201481944
1.214122916
1.230970704
1.333327881
1.32884523
1.321918226
1.45703442
1.460124422
1.467639661
1.467447538
1.479455051
1.462376973
1.449409166
1.452328534
1.446062895
1.591626847
1.569580838
1.565555242
1.592592593
1.58865584
1.689401623
1.708579581
1.708278086
1.724133508
1.587848218
1.577959508
1.59577625
1.591085439
1.688344145
1.699347424
1.706968508
1.70716031
1.577527473
1.577668598
1.575069969
1.475396418
1.345010806
1.327195026
1.339050509
1.330227616
1.449806562
1.51281289
1.468314176
1.444401145
1.34055189
1.384141307
1.395669636
1.359771865
1.44394377
1.482233294
1.527780183
1.533643296
1.501181924
1.576353568
1.574844169
1.56605784
1.580805748
1.450949356
1.545688656
1.633857293
1.651180416
1.59020501
1.692540697
1.693877537
1.713907058
1.720801668
1.593651673
1.621131003
1.589878177
1.476109421
1.461625481
1.485718446
1.488431258
1.617403052
1.898029635
1.586613694
1.585386866
1.579996844
1.908499845
2.04525662
2.379534851
1.872072854
1.618483623
1.520100404
1.502224647
1.583769057
1.542444059
0.494656485
1.388514587
1.395343444
1.477374416
1.244318265
1.213696334
1.230059804
1.306613193
1.359265097
1.370060537
1.350691097
1.379068817
1.237259438
1.22106275
1.227576001
1.222952866
1.33938921
1.343673965
1.35376891
1.360202297
1.344363554
1.356692447
1.364885089
1.371278063
1.304801658
1.276675076
1.281442544
1.297394828
1.4281711
1.574238293
1.774678154
1.362063867
1.355965332
2.102231767
2.166645498
1.896685417
1.612894421
1.377561343
1.288922823
1.303659506
1.514000907
1.555189592
1.603589456
1.753406732
1.71011079
1.902081854
2.550578325
2.737917594
1.63111818
1.102107962
1.264261187
1.549579543
1.559981115
1.518320943
1.541626494
1.555441372
1.510388742
1.4015289
1.369600275
1.374051173
1.341345719
1.496677142
1.48824074
1.522600887
1.423389842
1.414262566
1.546517126
1.540023119
1.429305555
1.42211394
1.528415247
1.377918005
1.355464017
1.359309679
1.367128659
1.521094054
1.490792219
1.482610162
1.499534608
1.351090737
1.343829523
1.347508723
1.227092647
1.216480991
1.202271603
1.215249994
1.34765979
1.361958023
1.363577115
1.367930186
1.244950443
1.180928335
1.305384121
1.297525048
1.291747252
1.423257376
1.418688125
