1.283E-5
6.42E-7
6.42E-7
6.41E-7
9.62E-7
3.2E-7
6.41E-7
9.62E-7
9.62E-7
9.62E-7
9.62E-7
9.62E-7
0.0
0.0
0.0
0.0
3.21E-7
0.0
0.0
0.0
0.0
0.0
0.0
0.0
3.21E-7
0.0
6.42E-7
0.0
0.0
0.0
0.0
0.0
0.0
0.0
0.0
0.0
0.0
0.0
0.0
0.0
0.0
0.0
0.0
0.0
0.0
0.0
0.0
0.0
0.0
0.0
3.21E-7
3.21E-7
0.0
0.0
0.0
0.0
0.0
0.0
0.0
0.0
0.0
0.0
0.0
0.0
3.21E-7
0.0
0.0
0.0
0.0
0.0
0.0
0.0
0.0
3.21E-7
0.0
0.0
0.0
0.0
3.21E-7
0.0
0.0
0.0
0.0
0.0
0.0
0.0
0.0
0.0
3.21E-7
0.0
0.0
0.0
0.0
0.0
0.0
0.0
0.0
0.0
0.0
0.0
0.0
0.0
0.0
0.0
0.0
3.21E-7
0.0
3.21E-7
0.0
0.0
0.0
0.0
0.0
0.0
0.0
0.0
