3000
6000
9000
12000
15000
18000
21000
1000
4000
7000
10000
13000
16000
19000
22000
2000
5000
8000
11000
14000
17000
20000
23000
3000
6000
9000
12000
15000
18000
21000
24000
4000
7000
10000
13000
16000
19000
22000
25000
5000
8000
11000
14000
17000
20000
23000
26000
6000
9000
12000
15000
18000
21000
24000
27000
7000
10000
13000
16000
19000
22000
25000
28000
8000
11000
14000
17000
20000
23000
26000
29000
9000
12000
15000
18000
21000
24000
27000
30000
10000
13000
16000
19000
22000
25000
28000
31000
11000
14000
17000
20000
23000
26000
29000
32000
12000
15000
18000
21000
24000
27000
30000
33000
13000
16000
19000
22000
25000
28000
31000
34000
14000
17000
20000
23000
26000
29000
32000
35000
15000
18000
21000
24000
27000
30000
33000
36000
16000
19000
22000
25000
28000
31000
34000
37000
17000
20000
23000
26000
29000
32000
35000
38000
18000
21000
24000
27000
30000
33000
36000
39000
19000
22000
25000
28000
31000
34000
37000
40000
20000
23000
26000
29000
32000
35000
38000
41000
21000
24000
27000
30000
33000
36000
39000
42000
22000
25000
28000
31000
34000
37000
40000
43000
23000
26000
29000
32000
35000
38000
41000
44000
1000
4000
