0.233976672
0.349243922
0.458362921
0.468936731
0.462925116
0.581355174
0.347640867
0.583335418
0.682373906
0.698923086
0.579823645
0.796599715
0.92203119
0.914481631
0.68644569
0.802668422
0.913237804
1.03404871
0.802805377
0.916750219
0.801412407
0.819736879
1.047376706
1.04954779
1.0584127
1.158164191
1.400525307
1.265534522
1.289879588
0.805732123
0.91863809
1.055977648
0.464747877
1.040671332
1.178525677
1.184865729
1.167953151
1.415592671
1.408025151
1.281699455
1.152331549
1.279651216
1.28012174
0.818799037
0.807075378
0.933440203
0.941787761
0.933632006
1.046096636
1.166478072
1.645281702
1.462487948
1.526361554
1.535572222
1.302086601
0.94204756
1.443852681
1.411869531
0.706472966
0.924374832
1.049061228
1.281097749
1.156244247
1.181565002
1.153813364
1.384726977
1.170611759
1.435039409
1.415098733
1.292011862
1.169603996
1.286671876
1.281782207
1.16388233
1.168586291
1.391074405
1.51368947
1.394690419
1.815060821
1.555337132
1.649535025
1.435584665
1.406169354
1.167263563
1.273976377
1.055416354
1.518133631
1.656392429
1.181906589
1.429202276
1.53414429
1.657892846
1.557189722
1.53464304
1.425935548
1.549318141
1.310946701
1.769348431
1.566069065
1.691549613
1.769745185
1.900889987
2.036503968
1.536675564
1.654192799
1.778711129
1.899822567
1.691456277
1.821978203
1.414164099
1.45435721
1.292742827
1.42152378
1.430420765
1.779861941
2.010155886
1.901350889
1.923570417
1.171471981
1.282993959
1.297336453
1.041035372
1.179629983
1.279177484
1.308351279
1.288463845
1.524529492
1.589962852
1.668237327
1.158100044
1.666946672
1.690797159
1.177751092
1.318568426
1.412125481
1.541187403
1.525704038
1.568656789
1.683536906
2.144493325
1.913833738
2.035671008
2.05540545
2.02162616
1.771654225
1.91726276
1.921223889
1.430094573
1.431787435
1.554956415
1.90723934
1.697281543
1.675694191
2.025754716
2.150864489
1.824472272
1.93030145
1.918743613
1.817999434
1.419583629
1.432336861
0.462316673
1.307344478
1.301946438
1.679308602
1.801776125
1.692067927
1.666674685
1.783973817
1.908711213
1.677512783
1.667096778
1.309743928
1.550708224
1.209395221
1.302720703
1.333653751
1.236117927
1.420609995
1.519121829
1.65904013
1.544538806
1.529068272
1.407427614
1.816189183
1.426664267
1.549306594
1.300221181
1.431904504
1.52294953
1.658232509
1.802596896
1.415605821
