0.090443961
0.097428057
0.212959916
0.095582523
0.190166264
0.203640839
0.307710442
0.087070426
0.187290838
0.191175631
0.303544361
0.203785813
0.310709353
0.311035224
0.411445835
0.0789105
0.185773421
0.204605943
0.285503102
0.210917128
0.300379306
0.277185052
0.409230168
0.211988397
0.287194039
0.291661936
0.407358014
0.311625705
0.408089941
0.410670929
0.516080259
0.094156516
0.188120591
0.194558467
0.290342415
0.194816021
0.308278471
0.294528702
0.404647446
0.205987688
0.307401249
0.311533011
0.410074995
0.2929218
0.383598617
0.409140041
0.512975504
0.203140806
0.300091924
0.304025469
0.411288993
0.304881202
0.411272957
0.411206884
0.495913783
0.312787743
0.41533191
0.409723465
0.511667529
0.409390538
0.501105588
0.511193798
0.606647704
0.074874639
0.192748857
0.195648981
0.282000951
0.181635244
0.293652764
0.295286609
0.366289285
0.182790867
0.296239846
0.278148232
0.388145736
0.295096411
0.390276406
0.384414256
0.486994347
0.195392389
0.284518753
0.311633403
0.375432597
0.281030394
0.402652128
0.381828778
0.513317411
0.312566112
0.412782355
0.410330624
0.499346975
0.418922265
0.498977804
0.516233252
0.615115861
0.198415035
0.31229573
0.298920905
0.396593044
0.296919172
0.41106223
0.398602475
0.505370457
0.313809298
0.413598315
0.409541285
0.516123559
0.412608835
0.512507866
0.527504348
0.619878517
0.31443955
0.394412338
0.412490482
0.508373859
0.412657266
0.516986026
0.506840404
0.61946316
0.414148704
0.516665608
0.51245302
0.619494271
0.517840155
0.621843686
0.61426943
0.720529361
0.103309772
0.164588598
0.190408102
0.302248253
0.181623377
0.266201659
0.279491487
0.331774861
0.18616825
0.283248305
0.296543907
0.398085764
0.295067544
0.359455936
0.364993178
0.508716729
0.191727303
0.288674251
