2500
5000
7500
10000
12500
15000
17500
20000
22500
2000
4500
7000
9500
12000
14500
17000
19500
22000
24500
4000
6500
9000
11500
14000
16500
19000
21500
24000
3500
6000
8500
11000
13500
16000
18500
21000
23500
26000
5500
8000
10500
13000
15500
18000
20500
23000
25500
5000
7500
10000
12500
15000
17500
20000
22500
25000
27500
7000
9500
12000
14500
17000
19500
22000
24500
27000
29500
9000
11500
14000
16500
19000
21500
24000
26500
29000
8500
11000
13500
16000
18500
21000
23500
26000
28500
31000
10500
13000
15500
18000
20500
23000
25500
28000
30500
10000
12500
15000
17500
20000
22500
25000
27500
30000
32500
12000
14500
17000
19500
22000
24500
27000
29500
32000
34500
14000
16500
19000
21500
24000
26500
29000
31500
34000
13500
16000
18500
21000
23500
26000
28500
31000
33500
36000
15500
18000
20500
23000
25500
28000
30500
33000
35500
15000
17500
20000
22500
25000
27500
30000
32500
35000
37500
17000
19500
22000
24500
27000
29500
32000
34500
37000
39500
19000
21500
24000
26500
29000
31500
34000
36500
39000
18500
21000
23500
26000
28500
31000
33500
36000
38500
41000
20500
23000
25500
28000
30500
33000
35500
38000
40500
20000
22500
25000
27500
30000
32500
35000
37500
40000
42500
22000
24500
27000
29500
32000
34500
37000
39500
42000
44500
24000
26500
29000
31500
34000
36500
39000
41500
44000
23500
26000
28500
31000
33500
36000
38500
41000
43500
46000
2500
5000
