0.17931662
0.233369834
0.408195784
0.236517889
0.524653618
0.491636084
0.641897262
0.688105195
0.514798585
0.691527802
0.750515909
0.689134447
0.632476511
0.580470897
0.752567036
0.924168917
0.639006118
0.690756746
0.860388646
0.811314588
0.875669303
0.804927067
0.746797901
0.80730182
0.877020256
0.691393734
0.877273961
1.160046289
1.103202324
1.050229361
0.990331318
1.038395047
1.100531849
0.913503055
0.888254467
0.809457829
0.989375835
1.045601415
0.640170082
1.051469017
1.11569704
1.160405196
1.225183607
1.186650322
1.243665241
1.173555823
1.231796928
1.294172361
0.995746357
0.93689232
0.991210464
0.925311069
0.882150479
0.813486634
0.990720694
1.166165672
0.979398601
1.165155664
1.347019916
1.398354223
1.2418165
1.163716829
1.136734324
1.176344651
1.250584227
1.043778655
1.000532748
1.395169924
0.993526842
0.813721094
0.749222689
0.924253913
1.004018862
1.055172914
1.139839079
1.039938123
1.023440582
1.159757945
1.362031152
1.06332033
1.131580044
1.166102807
1.238012212
1.160821836
1.248547212
1.19096266
1.272233801
1.64970662
1.258384924
1.172932628
1.243288693
1.155883415
1.12118585
1.154708869
1.362838773
1.507016811
1.626061406
1.296330615
1.4917647
1.435142687
1.111138374
1.283531839
0.995206232
1.035921506
1.139450663
1.643457017
1.25076352
1.397941432
1.36087649
1.305312274
1.257099402
1.291631145
1.377814086
1.418212469
1.49780871
1.660547604
1.503295915
1.898450124
1.982503356
1.682287307
1.389216043
1.404055683
1.499636282
1.421127989
1.374706444
1.649870517
1.484247857
1.891385202
1.477994085
1.439832857
1.492527418
1.43694043
1.383648011
1.159797716
1.36232142
1.876875603
2.000096222
1.77433785
1.987295521
1.78127576
1.376031096
1.043707129
1.241840876
1.282222582
1.344734649
1.398948873
1.24569135
1.387862844
1.362366003
1.289734935
1.234742277
1.28203078
1.380522407
1.428099896
1.361681225
1.535881093
1.632541621
1.642031011
1.764380181
1.31266041
1.355458243
1.424173728
1.50128424
1.554223526
1.726168918
1.928464255
1.996238692
2.147859483
1.741748824
1.709437558
1.809685233
1.674691561
1.635236472
1.785513686
1.854532911
1.897227466
2.006900704
1.411467966
1.610147931
1.670184534
1.597426132
1.66519704
1.627740155
2.021316647
2.093957979
2.140095991
1.748693469
1.761188505
1.618230559
1.542904319
1.485248884
1.425336728
1.998102507
0.456213648
1.988374167
1.548284077
1.621455912
1.67082088
1.754115565
1.599274232
1.378667894
1.325659327
1.875213532
1.916784217
1.625149224
1.771004408
1.767194988
1.792226758
1.621885061
1.184095313
1.245215052
1.337720083
1.974790221
1.321127282
1.486224893
1.53880399
1.638915029
1.402307333
1.617531668
1.661647098
1.504211947
1.788908069
1.488876123
1.682791829
1.741861404
1.79159009
1.5286295
1.543999964
1.25708144
1.180733646
1.252155849
1.553987461
