1500
2000
3500
2000
2500
4000
2500
2000
3500
3000
4500
4000
1500
3000
3500
2000
3500
4000
5500
3000
3500
5000
4500
4000
5500
2000
3500
3000
2500
4000
4500
2000
3500
4000
5500
4000
4500
6000
3500
3000
4500
4000
5500
5000
3500
5000
5500
4000
5500
6000
7500
2000
2500
4000
3500
3000
4500
3000
4500
4000
3500
5000
5500
2000
3500
4000
5500
4000
4500
6000
4500
4000
5500
5000
6500
6000
2500
4000
4500
3000
4500
5000
6500
4000
4500
6000
5500
5000
6500
4000
5500
5000
4500
6000
6500
4000
5500
6000
7500
6000
6500
8000
2500
2000
3500
3000
4500
4000
2500
4000
4500
3000
4500
5000
6500
3000
3500
5000
4500
4000
5500
4000
5500
5000
4500
6000
6500
2000
3500
4000
5500
4000
4500
6000
4500
4000
5500
5000
6500
6000
3500
5000
5500
4000
5500
6000
7500
5000
5500
7000
6500
6000
7500
3000
4500
4000
3500
5000
5500
3000
4500
5000
6500
5000
5500
7000
4500
4000
5500
5000
6500
6000
4500
6000
6500
5000
6500
7000
8500
4000
4500
6000
5500
5000
6500
5000
6500
6000
5500
7000
7500
4000
5500
6000
7500
6000
6500
8000
6500
6000
7500
7000
8500
8000
1500
3000
3500
2000
3500
4000
5500
3000
3500
5000
4500
4000
5500
3000
4500
4000
3500
5000
5500
3000
4500
5000
6500
5000
5500
7000
3500
3000
