0.176503096
0.23791118
0.415419793
0.231867812
0.294660847
0.471230337
0.303404518
0.231619239
0.404345632
0.350869748
0.522161153
0.457298708
0.178617088
0.348407433
0.410666759
0.231232748
0.403128106
0.457738121
0.643373945
0.342009008
0.402745784
0.5733909
0.52202099
0.458830559
0.629655288
0.239566514
0.407450386
0.341956406
0.289075816
0.475851867
0.528612501
0.235708984
0.405741488
0.468853338
0.637569849
0.461897468
0.516859335
0.687965994
0.413164035
0.346721308
0.521886921
0.465918254
0.640874104
0.56387553
0.410839637
0.574225463
0.641828945
0.458054691
0.633353732
0.712016622
0.904399515
0.232285094
0.289788178
0.458549591
0.409421008
0.345231474
0.511052673
0.349275995
0.523437696
0.452060396
0.40280897
0.578170555
0.631705454
0.230796223
0.400334146
0.462836271
0.635566191
0.458021655
0.512702555
0.687338628
0.534751771
0.466858341
0.634463169
0.578558328
0.766077212
0.689901976
0.293645708
0.463913634
0.525816297
0.349028064
0.514451546
0.578152273
0.749181313
0.459507639
0.521561371
0.687267424
0.635504609
0.567743003
0.751038393
0.463334058
0.649818557
0.5670996
0.526840738
0.689546276
0.753200817
0.469835442
0.640408391
0.695300978
0.86840905
0.683171584
0.760317378
0.930232491
0.297228364
0.232117026
0.399879658
0.354071046
0.527341091
0.45361951
0.289253506
0.48136826
0.527216966
0.348680703
0.517378291
0.578542612
0.757106458
0.346988804
0.400785426
0.572552167
0.527152497
0.461497185
0.634351552
0.466495905
0.632344366
0.575041103
0.526938564
0.693099745
0.762418861
0.234109458
0.406172241
0.463537407
0.641365476
0.454957633
0.515333257
0.689935012
0.530256931
0.454897334
0.628207793
0.597623707
0.770749099
0.681789198
0.406916035
0.572921979
0.642381578
0.461787454
0.641789494
0.690975169
0.882136046
0.569396735
0.634787116
0.813667531
0.760599308
0.684480521
0.864968481
0.360191392
0.523706475
0.456179329
0.407773691
0.579198845
0.644840686
0.344980977
0.519920148
0.573626643
0.759899134
0.570730368
0.621101175
0.809832452
0.529499987
0.472074201
0.62622819
0.577850457
0.762770391
0.68727865
0.519845737
0.694059718
0.765743643
0.572760326
0.747885206
0.808623907
1.005441661
0.458128782
0.514736362
0.702507667
0.646836645
0.570302822
0.742786415
0.586201543
0.762094594
0.681092874
0.634395494
0.819151851
0.89335422
0.460250792
0.640236795
0.695748089
0.873193196
0.690633581
0.744708605
0.924735984
0.770743968
0.68870626
0.86092845
0.82271398
1.008533907
0.917871524
0.180124241
0.350493842
0.413549883
0.230754527
0.401626725
0.459502828
0.634471829
0.34467435
0.404830909
0.567811641
0.517244542
0.452052057
0.629484335
0.347164249
0.523812319
0.441387479
0.402255694
0.571205703
0.646190998
0.347184776
0.518622758
0.578541329
0.756631122
0.57195944
0.629120617
0.804531916
0.420346668
0.345821955
