0.029934589
0.094525367
0.155479284
0.096639679
0.142913685
0.216534234
0.162622145
0.212375208
0.289063306
0.20732068
0.251205498
0.323670103
0.275772516
0.331079178
0.272615481
0.210035737
0.275819344
0.327214913
0.293320158
0.218122213
0.273606886
0.329440201
0.272734475
0.342466702
0.271388332
0.333116514
0.245513019
0.319216639
0.274650571
0.328533471
0.253706943
0.303796782
0.381513812
0.429350779
0.383248369
0.432043064
0.368401353
0.430982059
0.368892404
0.303453591
0.379862005
0.307854775
0.3813868
0.411519604
0.385251386
0.436948128
0.418420629
0.454629197
0.502887615
0.555992082
0.495204949
0.557437333
0.564885217
0.526041135
0.552823499
0.597972993
0.584202055
0.569025318
0.508435761
0.545204981
0.49571749
0.590808641
0.486281022
0.584619978
0.517704803
0.425756254
0.499876836
0.614860873
0.500254988
0.603646869
0.531950114
0.551217238
0.503531018
0.563046099
0.501939831
0.539832921
0.491479884
0.52189494
0.485057723
0.538186245
0.526959091
0.440818167
0.491175823
0.551095356
0.485396424
0.424949916
0.493368717
0.545647601
0.502962027
0.540643428
0.491468659
0.625320819
0.538419423
0.559591738
0.547297484
0.44004262
0.490148817
0.518531989
0.523630781
0.544452527
0.519640144
0.546764415
0.469260997
0.580410918
0.496013853
0.520654641
0.471194735
0.5722279
0.567033207
0.576697399
0.501385272
0.514455715
0.484875865
0.527937666
0.487513624
0.535484659
0.488530367
0.552682374
0.487107247
0.541733621
0.527260586
0.5742848
0.516088598
0.553489354
0.506745145
0.547835363
0.497284943
0.559214227
0.507418056
0.563146169
0.497185193
0.529078857
0.647574988
0.653951603
0.601920009
0.725307412
0.638956084
0.638624119
0.613065054
0.6733807
0.588530752
0.704186416
0.624086294
0.657850508
0.598995509
0.654430146
0.611116563
0.657486148
0.613866581
0.656438614
0.612024577
0.663626059
0.593792157
0.669646976
0.591304183
0.655816381
0.598148116
0.673628311
0.648625728
0.67813213
0.624478558
0.660737802
0.642690771
0.671002419
0.613619292
0.539977574
0.619993983
0.660677824
0.607267694
0.647818428
0.598620244
0.651271827
0.594701132
0.52027649
0.599636667
0.538926832
0.596086405
0.648477547
0.60113933
0.64826618
0.596827633
0.64685589
0.597514336
0.646731443
0.60618135
0.653433288
0.611894997
0.658686034
0.610211117
0.672122441
0.598270639
0.648246936
0.70784156
0.397938546
0.708762402
0.758091448
0.739936648
0.770432529
0.72567081
0.76338621
0.718111308
0.784119112
0.776528178
0.786221237
0.732757542
0.84725181
0.72772322
0.772339966
0.733590823
0.779279157
0.795753606
0.780084534
0.717839963
0.827080844
0.72251634
0.754142186
0.707728018
0.774083824
0.721513389
0.768697651
0.71533916
0.779469998
0.759335274
0.795408169
0.727779028
0.791600675
0.743463175
0.790930009
0.728477919
0.762775523
0.767080484
0.83118823
0.731880962
0.769072596
0.744603082
0.771151306
0.739497556
0.756910166
0.827621931
0.737650098
0.759894644
0.828312161
0.787961568
0.792353129
0.76677065
0.807614862
0.788523182
0.751921388
0.718988529
0.762854746
0.720449817
0.758450996
0.716859784
0.743522191
0.735425772
0.775712858
0.732247888
0.785325413
0.706099625
0.804157613
0.800214767
0.788982802
0.73910433
0.841054488
0.747785135
0.66289734
0.723611664
0.761790212
0.707950291
0.761316481
0.710686837
0.757964435
0.719679082
0.763652424
0.706191036
0.756995482
0.719008736
0.764956549
0.710399455
0.758859297
0.726229217
0.779020642
0.713631223
0.761622786
0.720415178
0.765189085
0.734630018
0.756752362
0.700521009
0.763410266
0.717417229
0.758980216
0.713044591
0.805005648
0.75356229
0.763275235
0.705870297
0.774534463
0.788053299
0.768587317
0.736892191
0.827168084
0.762206532
0.789674956
0.705644817
0.750539964
0.708736102
0.757705599
0.705467769
0.757725806
0.728272646
0.757780973
0.70627924
0.755240398
0.698302776
0.752607449
0.710976144
0.758953274
0.706541925
0.756678912
0.715795251
0.782033666
0.741194266
0.798234523
0.732209399
0.774941161
0.720609546
0.775229505
0.775892473
0.823868961
0.74477564
0.661268947
0.727458611
0.771731844
0.752187281
0.804322153
0.776412391
0.784501112
0.887725888
0.789965226
0.747509941
0.805685294
0.808782673
0.789144454
0.727164172
0.775267352
0.714018676
0.76036581
0.712300156
0.651393708
0.729186111
0.782679314
0.717266161
0.653908624
0.746651643
0.829503707
0.818010661
0.778948155
0.714114577
0.814680746
0.74014128
0.776288907
0.742404415
0.817520571
0.803160436
0.824705128
0.745516868
0.776599703
0.716352695
0.801408238
0.747774551
0.813731038
0.798958111
0.967929289
0.787648527
0.802846753
0.864552803
0.821415627
0.997368014
0.802580218
0.735501466
0.775351066
0.763024737
0.661379602
0.774201215
0.9122031
0.775085814
0.68947443
1.283608175
1.599523446
1.309414849
0.94746677
0.784147658
0.804075505
0.757318146
0.789678485
0.738944281
0.784113339
0.738199204
0.789563018
0.809402982
0.77606054
0.830197146
0.802413754
0.731908866
0.84979848
0.788265629
0.828065192
0.786172485
0.920083341
1.053442846
0.81481674
0.74691914
0.85375576
0.803256337
0.778675848
0.744713416
0.766119549
0.761262275
0.804176858
0.74208977
0.799102764
0.745619825
0.844770251
0.96605136
1.005828151
0.895180829
0.808119385
0.759014856
0.808424728
0.74763535
0.773232582
0.712003471
0.769202174
0.713472458
0.75812256
0.737589799
0.768481473
0.721012715
0.760173366
0.747128261
0.773476344
0.74812127
0.808397785
0.739907781
0.784665332
0.753553951
0.795275705
0.737137236
0.81240478
0.789538643
0.795624348
0.718256924
0.79222355
0.786960862
0.853783023
0.784592203
0.833684542
0.758032752
0.801650717
0.740249047
0.852361506
0.734568115
0.791300783
0.753313717
0.787630885
0.744168159
0.774958481
0.723857351
0.782472758
0.735374774
0.778118082
0.716880632
0.768216222
0.718580229
0.766560566
0.712244988
0.769575835
0.715524867
0.684306681
0.795514655
0.814726932
0.713890381
0.769155346
0.713005461
0.763008059
0.708812117
0.777565769
0.730510764
0.805941244
0.74423744
0.783121934
0.730015542
0.770453699
0.748982135
0.794877025
0.74940968
0.941956792
0.874865851
0.861854103
0.724405173
0.761072398
0.727965057
0.758548501
0.704492401
0.758865391
0.705838864
0.769808371
0.719630649
0.745868719
0.704155305
0.755367089
0.702774844
0.752459909
0.705921615
0.754735233
0.700554366
0.757285431
0.704910003
0.747355024
0.705079996
0.752431684
0.704543719
0.772435225
0.756853074
0.774985423
0.718421143
0.786063113
0.710186484
0.753731961
0.706145812
0.758142124
0.707097766
0.77311006
0.821319406
0.864609253
0.838070651
0.872771424
0.816451226
0.878067148
0.820726038
0.880342793
0.808604021
0.866850257
0.815422937
0.861251756
0.812720388
0.883595088
0.849980338
0.890364289
0.870704581
0.949736
0.896186026
0.966400325
0.915723533
0.92647439
0.880604838
0.877912553
0.875423937
0.91576555
0.832536617
0.897371478
0.841474014
0.885416887
0.849207678
0.889498614
0.816304327
0.91630343
0.85773453
0.890182109
0.895257807
0.923566568
0.838299659
1.011738734
0.865297239
0.888856173
0.904902434
0.88878112
0.873652495
0.88615138
0.826520833
0.759102417
0.853766023
0.887023149
0.868393655
0.899239142
0.812368537
0.897209826
0.833959416
0.878338494
0.844072323
0.89206132
0.83674247
0.892663347
0.833019009
0.875019165
0.86910313
0.907023162
0.863272733
0.902166529
0.83199104
0.913729818
0.832139542
0.879712541
0.852082464
0.90224094
0.847536306
0.904379951
0.849454647
0.915112525
0.890672198
0.917150181
0.836347961
0.868863858
0.788094033
0.873312832
0.825971407
0.886151701
0.826683447
0.866067334
0.820259362
0.872351577
0.825037414
0.875810427
0.820137482
0.869166315
0.817934003
0.868329507
0.814614994
0.865420082
0.813008091
0.867199863
0.822654964
0.865328992
0.8134026
0.868540874
0.817358918
0.86719826
0.812578622
0.864827997
0.814744893
0.882837823
0.840207737
0.88952267
0.834203819
0.856404424
0.85596918
0.992798122
0.91280192
0.937095026
0.96533932
0.901133749
0.84070809
0.910737001
0.866271965
0.915719363
0.816623784
0.898496631
0.82597269
0.867693802
0.817913156
0.876772004
0.845230191
0.872360877
0.868052388
0.793660462
0.851488455
0.867873737
0.821430381
0.871331305
0.825858186
0.869259972
0.819652204
0.865723502
0.825260649
0.858237769
0.817263017
0.872413158
0.81704716
0.864133917
0.818224272
0.866536895
0.815860425
0.875470123
0.821066022
0.867510339
0.817722315
0.870607076
0.827542388
0.868033465
0.798527359
0.871208782
0.820936122
0.870031991
0.823811549
0.867833644
0.82399854
0.869100564
0.819002706
0.757425914
0.819935095
0.869947636
0.818074167
0.872953603
0.877179663
0.871161955
0.827256609
0.760583912
0.816458603
0.763297686
0.814954978
0.866950328
0.820969159
0.879201283
0.849294598
0.871465695
0.820589403
0.871305966
0.821110925
0.8723009
0.824337561
0.867106849
0.819285919
0.873200893
0.82059678
0.869900487
0.819825081
0.867239956
0.819814497
0.868186457
0.820622118
0.888379235
0.821875247
0.874886378
0.821385799
0.884079405
0.824539627
0.875815239
0.822532441
0.87098202
0.825427112
0.876031417
0.826656505
0.879041875
0.824095083
0.874013005
0.823478942
0.869639085
0.82249267
0.869846603
0.80584823
0.871213593
0.823785249
0.875363317
0.820915915
0.873440486
0.825095148
0.876103904
0.82168569
0.886441329
0.835047043
0.878381794
0.82575587
0.88323554
0.82644161
0.873791374
0.821335763
0.874557621
0.941739651
0.98171081
0.938441169
0.986357038
0.934138453
0.984606123
0.163368505
0.981038861
0.951099782
0.983278583
0.935507047
0.984469488
0.933741378
0.997615304
0.945389021
0.995445183
0.944051539
0.989401174
0.943686538
0.988113406
0.94134418
0.995322981
0.943345592
0.990091725
0.938189388
0.985845459
0.941470871
0.958027107
0.940978857
0.994542944
0.938704817
0.991855149
0.939225697
0.984889335
0.934657088
1.000324588
0.938841452
0.988623701
0.937506535
0.984262611
0.937600833
0.987275956
0.935381638
0.98725607
0.938624952
0.992402651
0.937730731
0.964421043
0.9351398
0.984173445
0.934711294
0.984968237
0.935166101
1.044012793
0.968527147
0.988185251
0.936720725
0.995199818
0.9439303
0.983722165
0.934591657
1.022441159
0.930594285
0.996456795
0.941080532
0.983563399
0.978195829
0.979435486
0.933068146
0.979379677
0.928033183
0.975023077
0.931305364
0.979082994
0.931280025
0.98294726
0.93129061
0.974776428
0.943820286
0.987508812
0.936674858
0.98464429
0.940384849
0.976800935
0.938377342
0.982957203
0.931974747
0.985844176
0.932959095
0.986174858
0.936439757
0.982640633
0.937668509
0.980756931
0.935737017
0.986669438
0.930553551
0.98173647
0.930024972
0.986076391
0.932926059
0.990201418
0.938592558
0.988244588
0.928831502
0.978819346
0.934482927
0.9855507
0.933188103
0.981292245
0.94195615
0.979161895
0.932729445
0.98826704
0.932833686
0.990307904
0.936054869
0.979091013
0.937635793
0.986187046
0.934699105
1.000150106
0.988824805
1.052002407
0.969665129
1.013603511
0.941901303
0.991684516
0.94387834
0.993618252
0.94997046
1.00504619
0.987120076
1.018010788
1.002824429
1.014363342
0.970462808
0.985643714
0.957929603
1.020386183
0.949492559
1.000706909
0.960089782
1.000566747
0.932919644
0.983250038
0.934925226
1.015202396
0.938943446
0.992594773
1.288197952
0.997879593
1.043474272
1.027212475
0.965908953
1.027632643
0.951108442
1.006972229
0.963283381
1.013594852
0.985828139
1.007134201
0.989012437
1.006519666
0.93168576
1.07510942
0.987758348
1.066317318
1.004302395
1.02143917
0.950573129
1.017905586
0.948917153
1.000683174
1.009969216
1.035095923
1.082998642
1.047631373
0.944582362
1.006989548
0.971565188
1.021586068
0.983675337
1.085179027
0.947768907
1.02211176
0.974170232
0.972353885
0.934420382
1.006180324
0.990513497
0.875419126
0.927908736
0.989843472
0.979358829
1.05160052
0.952675895
1.038867495
0.944931647
0.998330873
0.129493316
1.002814807
0.941072514
1.000774585
0.973419382
1.013234981
0.979429713
1.011741299
0.989891263
1.026808665
0.977520994
1.051440151
0.953275357
1.213531794
0.969724145
1.002107256
0.932693843
1.017050496
0.962317956
1.03304191
0.968457546
1.009017903
0.967944684
1.018524612
0.945312044
1.053905994
0.975975673
1.004093915
0.948605714
1.012405871
0.975573465
0.992181983
0.972648003
1.000283213
0.938790774
1.10956194
0.97177431
0.984486808
0.972753527
0.913484774
1.034255266
1.017676578
0.970783867
1.019988466
0.952895602
1.01020111
0.956586347
1.008938681
0.945873337
1.008545133
0.987957206
1.055532783
0.973228862
1.03552828
0.968238802
1.01931331
0.977181331
1.00287254
0.965051938
1.051275292
1.028016568
0.978437987
0.932632903
0.976787784
0.94362271
0.987851041
0.936706612
0.985571547
0.97223393
1.041503972
0.981289038
1.045584416
0.976407708
1.104254028
0.951108764
1.006921873
0.993878052
1.019636936
0.968686874
0.98919141
0.936044285
0.995384884
0.951060011
1.004527875
0.991615236
1.029632452
0.963961424
0.986364094
0.916458346
0.973324763
0.962349389
0.998125921
0.953681413
0.993875806
1.031473174
1.010693445
1.030004509
0.981478595
0.970975349
0.893184548
0.969692071
1.005799606
0.954207104
1.006830783
0.934355593
1.006309581
0.988021675
1.052805217
0.974091009
0.981341318
0.941914775
1.006852593
0.964540679
1.001779461
0.959427135
0.993057921
0.936968977
0.992575209
0.954380945
1.01654918
0.951958401
0.995033674
0.93545605
0.985180567
0.936352515
0.983778295
0.94204307
1.014980444
0.955716823
0.999410482
0.9851084
1.157768078
0.968228218
1.031786536
0.973066568
1.015368538
0.979665777
1.049298896
1.039363037
1.013430632
0.992178134
1.037193558
0.96786931
1.136591595
0.968163749
1.039676721
1.011479897
1.048330585
1.024337049
1.071929612
1.009675098
1.061743898
1.023686268
1.036688073
0.943343026
0.984912749
0.936669405
0.987801006
0.935908612
0.984140088
0.946119665
0.991060678
0.943430587
0.977670137
0.942327886
0.989345686
0.940846392
1.000852525
0.957021591
0.987131303
0.938866149
0.979536198
0.932810592
0.983359409
0.934136207
0.984745324
0.939848252
0.979912746
0.930877497
0.992381161
0.956580574
0.997386938
0.974081066
0.98567258
1.100298351
1.108468862
1.050892008
1.102401118
1.054318464
1.106148634
1.060036282
1.101116557
1.053528484
1.100014818
