0.221771583
0.25611826
0.179149515
0.232347959
0.417632252
0.239650869
0.294569757
0.234454574
0.415745664
0.479803374
0.178684122
0.234231339
0.411432042
0.347283243
0.406773627
0.233489148
0.409180133
0.469044499
0.404080059
0.457388195
0.637295938
0.237443541
0.289644165
0.23388013
0.412431146
0.461026981
0.288815376
0.344598335
0.518054409
0.468278894
0.530342569
0.231450851
0.420265521
0.464590394
0.404696519
0.457761857
0.641977447
0.488449862
0.514702043
0.454484864
0.639103303
0.696735645
0.178496491
0.232131781
0.409405612
0.349393065
0.40319963
0.233332948
0.415373285
0.4678212
0.40212355
0.454926201
0.635514232
0.354166947
0.407616529
0.341421734
0.524075646
0.571972591
0.407613001
0.455919531
0.637559906
0.576024168
0.62498244
0.232200739
0.417287778
0.465777129
0.406255633
0.454258101
0.640137366
0.471784573
0.518734056
0.458454011
0.633519234
0.700104689
0.409327032
0.456482427
0.64348011
0.576846864
0.640290359
0.460399936
0.637952491
0.688038481
0.628150381
0.691311945
0.887637365
0.236999318
0.287492327
0.232158722
0.417388491
0.461426623
0.290522991
0.339934146
0.523449563
0.462346823
0.515520249
0.230846899
0.40776856
0.458953403
0.399038039
0.45536369
0.642550929
0.467668528
0.509092314
0.452845245
0.639720405
0.694057472
0.296024951
0.342184451
0.533246221
0.46192473
0.517449816
0.348240008
0.525849334
0.577017498
0.517320558
0.57233214
0.767732226
0.461025699
0.517163395
0.455639204
0.644993037
0.69044627
0.522770237
0.574159391
0.759621694
0.701720894
0.746894764
0.233741891
0.412794222
0.461909655
0.402871834
0.456734849
0.639245711
0.472497897
0.520474387
0.458885085
0.635518722
0.693272624
0.406424021
0.457902982
0.635711807
0.576323739
0.624304076
0.462724975
0.655805796
0.701967543
0.626338525
0.693339338
0.875284095
0.464512134
0.519550337
0.463335983
0.639360535
0.691705492
0.517176225
0.577866174
0.760391147
0.69741497
0.73930415
0.459325139
0.649338732
0.695982549
0.626377976
0.681394048
0.871671288
0.695361919
0.743062251
0.687104168
0.87718672
0.927632258
0.180512656
0.231737271
0.413145111
0.355057319
0.407147929
0.232796352
0.41294978
0.459433549
0.406794796
0.45309478
0.639550734
0.35294461
0.40151158
0.345712583
0.526617183
0.575001973
0.40403259
0.452155977
0.641424492
0.58344928
0.620813472
0.23292561
0.407567136
0.456254382
0.40519976
0.46300081
0.638348924
0.46405925
0.517996996
0.463932878
0.63725328
0.691699077
0.404773177
0.458029674
0.636354889
0.571712471
0.623066023
0.459828699
0.647022995
0.69110154
0.628669657
0.676182036
0.881544924
0.352583779
0.414147421
0.345659341
0.521227803
0.583972085
0.404442815
0.457756404
0.639453871
0.578454409
0.629413452
0.345198438
0.532332756
0.577657373
0.520407672
0.575207246
0.76094763
0.582820312
0.629227744
0.570199865
0.756472036
0.80375252
0.40338213
0.460347335
0.648711045
0.584466024
0.633639191
0.45765505
0.645741963
0.687510544
0.630797441
0.68372069
0.867487246
0.583823262
0.623166094
0.576956237
0.761551903
0.804911351
0.630600187
0.693567704
0.889208986
0.806606458
0.871503863
0.233863451
0.412477332
0.465680907
0.419811996
0.458052446
0.630271108
0.463130068
0.516359623
0.462590264
0.641953392
0.689613952
0.404862663
0.462886627
0.639082776
0.585026355
0.635892704
0.464843457
0.641155393
0.69481987
0.630305106
0.687396682
0.908118165
0.463423224
0.520442953
0.454024604
0.64254708
0.69090621
0.519396381
0.572442795
0.751897333
0.774484107
0.758194405
0.464161565
0.642744976
0.707230552
0.630243845
0.694782343
0.888656994
0.697495156
0.745789817
0.68271421
0.904109567
0.930570871
0.408373153
0.461497185
0.650707968
0.583317136
0.644853195
0.456965461
0.685151187
0.730084823
0.652929086
0.684789713
0.903436656
0.593274484
0.630391706
0.574470507
0.77876341
0.814446927
0.633020163
0.686152855
0.888609846
0.81790193
0.876527279
0.461016718
0.646913944
0.69454211
0.645411602
0.68279215
0.884325411
0.701803644
0.754769231
0.714025412
0.915762984
0.962266638
0.631772488
0.693000958
0.896961895
0.820278607
0.872576094
0.692195261
0.883850718
0.935637588
0.869763211
0.913504339
1.132835097
0.241378049
0.294880553
0.23116828
0.411362442
0.462885344
0.290321566
0.346106451
0.531149869
0.4614866
0.512640332
0.23333808
0.411185715
0.460318148
0.409470723
0.451826577
0.640655681
0.45928216
0.520447764
0.459965655
0.683290579
0.718043632
0.290057599
0.342633807
0.533821948
0.47056801
0.517129076
0.345364902
0.528579144
0.581887922
0.516014508
0.566918383
0.75720749
0.471681296
0.527258662
0.461085035
0.637663826
0.693254662
0.526235503
0.573315526
0.751177914
0.687781248
0.75245125
0.237813675
0.419888973
0.468175296
0.403561744
