0.157630161
0.123967621
0.256635292
0.117077823
0.245569469
0.236252637
0.360571788
0.118694027
0.245475813
0.238109076
0.361159383
0.237283173
0.359836654
0.353363175
0.483148043
0.120233255
0.240769607
0.234803217
0.35371246
0.23297821
0.354885083
0.344834399
0.467237454
0.233983407
0.354038331
0.34619305
0.467355487
0.348576143
0.464316803
0.460107101
0.582348183
0.117818409
0.240813228
0.234091175
0.35382985
0.233718798
0.353488904
0.343343603
0.465834221
0.240846264
0.358146679
0.348694174
0.473048606
0.348280421
0.473226297
0.462477043
0.586585147
0.235481581
0.364052771
0.349340784
0.469972077
0.348303193
0.471619713
0.460930439
0.583006981
0.350127237
0.496776571
0.463264779
0.592524596
0.462055592
0.591424461
0.578093899
0.703602992
0.11852628
0.241064687
0.233085338
0.355408849
0.23474356
0.356982716
0.349733369
0.470243743
0.234137042
0.359848842
0.345229871
0.469679242
0.350000546
0.468514638
0.462314749
0.582193266
0.234989887
0.355404359
0.347691864
0.469557681
0.347240905
0.469672827
0.459518865
0.593670276
0.353575504
0.470644025
0.467078046
0.590689327
0.464062778
0.588949957
0.582629792
0.712568614
0.237120237
0.357393262
0.349046025
0.471106851
0.34878751
0.473791438
0.463361
0.588073056
0.348687759
0.476424066
0.462866742
0.584547812
0.463701305
0.586847192
0.582037387
0.712613839
0.351016647
0.477104995
0.462495646
0.589985945
0.462803876
0.596457179
0.579450625
0.7136819
0.46394667
0.592515615
0.581156637
0.708053248
0.582670205
0.711517552
0.696386039
0.834370924
0.118637577
0.241986491
0.232158723
0.354295244
0.233423397
0.354135836
0.347059367
0.466823701
0.234312486
0.354605077
0.346265538
0.46773909
0.350243987
0.465062522
0.459406286
0.579831022
0.235145766
0.357560368
0.344611806
0.471761159
0.345929082
0.471124814
0.460450292
0.586761875
0.350282475
0.470996518
0.461959691
0.587856878
0.467003956
0.585350302
0.575927626
0.715369629
0.23546875
0.355577879
0.348646705
0.468687516
0.348743889
0.473390515
0.460629265
0.58958021
0.349751651
0.471380442
0.463753906
0.583276082
0.461670384
0.584784197
0.576052714
0.713184113
0.350657739
0.472441768
0.464216091
0.584886834
0.464793743
0.589438443
0.577002744
0.701322857
0.464110567
0.58772281
0.576956878
0.70765938
0.578392507
0.70200571
0.695534156
0.829110481
0.235195802
0.354397879
0.350815544
0.469423933
0.359497632
0.471968036
0.467864178
0.584913455
0.351701746
0.478398216
0.463174651
0.594923405
0.466143092
0.587370958
0.577233355
0.704514853
0.35114815
0.475720364
0.467069066
0.583756549
0.461111336
0.586483153
0.576873807
0.702900252
0.462166567
0.590320797
0.578686945
0.710199313
0.583408868
0.711259036
0.6942342
0.83573599
0.351527585
0.482214371
0.465964761
0.599731606
0.466468001
0.592709983
0.580514196
0.713840025
0.471566151
0.594705301
0.581116865
0.708152356
0.580234512
0.716357186
0.693712678
0.833038254
0.467015823
0.597593558
0.580963231
0.710401059
0.58242067
0.717417549
0.696248442
0.827221648
0.577319634
0.716512744
0.700207967
0.822202722
0.691866503
0.835528473
0.819538982
0.952062641
0.119113875
0.251932614
0.234347767
0.357124483
0.24287494
0.358162074
0.351437136
0.468576861
0.234934078
0.355662233
0.347055518
0.471417968
0.347989831
0.469020122
0.459600013
0.582285638
0.234118439
0.352801881
0.345140384
0.46904482
0.34826663
0.468050849
0.462561077
0.586844625
0.350747547
0.47194783
0.461552352
0.589875611
0.461955521
0.588541335
0.572717989
0.707718397
0.236578188
0.353860321
0.350401148
0.47352298
0.348505579
0.473668275
0.465562554
0.588518563
0.35235028
0.47849123
0.464535227
0.587073954
0.4631785
0.588176977
0.576222064
0.703148825
0.347746069
0.468045396
0.464440288
0.587307452
0.462239376
0.582509194
0.567842432
0.709809294
0.465242135
0.595395212
0.581316045
0.711292713
0.576145087
0.709472519
0.694146959
0.836827146
0.235354247
0.355942881
0.347700204
0.471093701
0.349352652
0.47107574
0.466056171
0.582939946
0.351870455
0.471382367
0.462897853
0.593597148
0.462818631
0.5852714
0.578068881
0.700691321
0.349359387
0.475493601
0.466082793
0.590175823
0.462877326
0.589699525
0.577802347
0.704954265
0.463196461
0.59086445
0.576459091
0.709689018
0.576244837
0.716896669
0.692510547
0.832126713
0.350424241
0.473868096
0.467000428
0.597263197
0.467953665
0.58946699
0.576548577
0.718015086
0.468330533
0.596589003
0.581616577
0.708350894
0.580709527
0.720731106
0.696173389
0.834494088
0.468442151
0.595611069
0.585115841
0.719881147
0.584519266
0.711516911
0.699790044
0.836613854
0.580409636
0.714984743
0.698390018
0.8406866
0.697610942
0.833307353
0.823282329
0.957849418
0.237272268
0.356699183
0.350778337
0.470265553
0.347705657
0.488964326
0.464348877
0.591325352
0.34994185
0.473458832
0.463031922
0.589682205
0.465232193
0.585831411
0.57523932
0.702736995
0.352179006
0.473085171
0.464067269
0.58587054
0.463287872
0.590551088
0.590251196
0.715028684
0.465542027
0.59142831
0.583902165
0.705063318
0.582343693
0.706886399
0.696773492
0.824595756
0.349255468
0.474797277
0.463563066
0.589839047
0.465274851
0.591193528
0.57764775
0.703505808
0.4669536
0.592531973
0.58175706
0.708603316
0.581660518
0.703596256
0.710895959
0.830391192
0.464724783
0.597484507
0.579066059
0.716893461
0.584558076
0.716954402
0.699704086
0.833103363
0.582066894
0.710246142
0.698054525
0.837299915
0.694972862
0.831645604
0.813992761
0.963091258
0.353101451
0.477038602
0.464446382
0.596968438
0.47137082
0.597577521
0.586575525
0.717714233
0.469220264
0.600570018
0.590718192
0.717554184
0.600897813
0.717408247
0.703424981
0.828513585
0.467525478
0.595046889
0.582597718
0.717999691
0.585497842
0.726099318
0.723696981
0.856053856
0.584087231
0.717143638
0.700455257
0.84668731
0.707339282
0.838271113
0.820511784
0.965901576
0.473517848
0.597493167
0.583009226
0.709630964
0.580445879
0.715127471
0.701181411
0.840923626
0.585487578
0.71744802
0.697308165
0.83048998
0.697593301
0.834513653
0.819957226
0.956167141
0.585704718
0.713057421
0.711719296
0.836440975
0.703193087
0.842052629
0.81527732
0.962701881
0.705497918
0.852710791
0.8327637
0.964191394
0.82748722
0.958494104
0.939213829
1.094226759
0.119520572
0.242702382
0.235372208
0.351111906
0.235139031
0.34872689
0.344078417
0.473339197
0.23476569
0.358098568
0.350051543
0.475165485
0.35144323
0.472796827
0.46380779
0.586680087
0.235003358
0.358079324
0.348621046
0.47261176
0.349092533
0.471019932
0.46057955
0.585582517
0.352566138
0.474871047
0.461831075
0.585857711
0.464596487
0.589323297
0.5779207
0.69980127
0.233994954
0.357878862
0.349529379
0.471260806
0.350164763
0.469736654
0.461439772
0.588324837
0.349193245
0.473707085
0.474235021
0.586953997
0.464260995
0.593923339
0.580268189
0.703114185
0.350428732
0.476138287
0.465430088
0.595123866
0.468306798
0.591015839
0.580033087
0.71098288
0.471008384
0.592828015
0.583118278
0.702381296
0.580876631
0.715545394
0.693828465
0.827306644
0.23816713
0.358581602
0.350023638
0.473959186
0.34971605
0.471242204
