6.42E-7
0.090086016
0.088943543
0.082553456
0.101447239
0.09745532
8.66E-6
0.102419079
8.981E-6
0.092921029
6.41E-7
0.097166334
9.62E-7
0.107013347
9.62E-7
6.41E-7
0.087120462
6.41E-7
3.21E-7
0.097949258
8.339E-6
9.62E-7
0.100278466
9.63E-7
3.2E-7
0.088319384
8.34E-6
6.42E-7
3.21E-7
0.087950534
6.42E-7
3.21E-7
6.41E-7
6.42E-7
6.42E-7
0.080762448
9.62E-7
8.339E-6
8.659E-6
6.42E-7
8.339E-6
8.66E-6
8.66E-6
0.092725699
8.66E-6
6.41E-7
1.283E-6
6.41E-7
9.62E-7
9.62E-7
8.34E-6
9.62E-7
0.10319623
9.62E-7
6.41E-7
9.63E-7
8.66E-6
9.62E-7
8.66E-6
9.63E-7
0.102235296
6.42E-7
8.66E-6
9.63E-7
3.21E-7
6.41E-7
8.34E-6
1.283E-6
8.66E-6
6.41E-7
3.21E-7
9.62E-7
6.42E-7
6.41E-7
0.100526076
9.62E-7
3.21E-7
3.21E-7
6.42E-7
6.41E-7
9.63E-7
9.62E-7
6.41E-7
9.302E-6
6.41E-7
6.42E-7
6.41E-7
6.41E-7
0.10761762
6.41E-7
6.42E-7
6.42E-7
6.41E-7
6.41E-7
3.2E-7
9.62E-7
8.66E-6
8.018E-6
8.019E-6
3.21E-7
6.42E-7
6.42E-7
0.096803578
9.62E-7
3.21E-7
6.42E-7
3.2E-7
1.283E-6
6.41E-7
6.41E-7
8.66E-6
9.62E-7
1.604E-6
6.42E-7
8.34E-6
3.21E-7
6.41E-7
6.41E-7
6.41E-7
6.42E-7
8.339E-6
6.42E-7
8.66E-6
9.62E-7
0.100679069
6.42E-7
8.66E-6
6.41E-7
9.63E-7
8.66E-6
9.62E-7
6.41E-7
8.659E-6
6.41E-7
6.42E-7
6.42E-7
6.41E-7
6.41E-7
6.42E-7
9.62E-7
6.42E-7
6.42E-7
8.34E-6
6.41E-7
6.41E-7
6.42E-7
3.21E-7
6.42E-7
0.091999867
6.41E-7
3.21E-7
6.41E-7
6.41E-7
3.21E-7
8.339E-6
6.41E-7
8.66E-6
6.42E-7
8.339E-6
9.62E-7
6.41E-7
8.98E-6
3.2E-7
6.41E-7
6.41E-7
6.42E-7
3.2E-7
3.21E-7
3.21E-7
9.63E-7
6.41E-7
9.63E-7
8.339E-6
9.62E-7
6.41E-7
6.42E-7
3.21E-7
0.092285004
6.41E-7
6.41E-7
9.62E-7
6.42E-7
6.41E-7
6.41E-7
8.339E-6
6.41E-7
9.62E-7
6.41E-7
6.41E-7
6.42E-7
8.339E-6
9.62E-7
8.339E-6
8.66E-6
3.21E-7
3.21E-7
6.42E-7
6.41E-7
8.019E-6
6.42E-7
8.339E-6
6.42E-7
6.42E-7
6.41E-7
6.41E-7
9.62E-7
6.41E-7
9.62E-7
0.101556932
6.42E-7
6.41E-7
9.63E-7
3.21E-7
9.63E-7
6.42E-7
3.21E-7
8.66E-6
8.659E-6
3.21E-7
9.63E-7
6.41E-7
9.62E-7
8.018E-6
6.42E-7
6.42E-7
9.62E-7
9.63E-7
6.41E-7
3.21E-7
6.42E-7
6.41E-7
9.62E-7
6.41E-7
6.41E-7
6.42E-7
9.63E-7
9.62E-7
9.62E-7
6.42E-7
6.42E-7
3.21E-7
9.63E-7
8.34E-6
9.62E-7
8.66E-6
9.62E-7
8.339E-6
9.62E-7
8.66E-6
8.66E-6
3.21E-7
0.101888897
8.66E-6
9.63E-7
6.41E-7
9.62E-7
3.21E-7
6.41E-7
6.42E-7
6.41E-7
8.66E-6
6.42E-7
6.41E-7
9.63E-7
6.42E-7
6.42E-7
6.41E-7
6.42E-7
8.339E-6
6.41E-7
8.339E-6
6.41E-7
8.66E-6
6.41E-7
6.41E-7
6.41E-7
8.66E-6
6.42E-7
6.42E-7
9.62E-7
9.63E-7
6.41E-7
9.62E-7
6.42E-7
6.41E-7
6.42E-7
3.2E-7
9.63E-7
3.21E-7
6.42E-7
