2500
3000
4500
3000
3500
5000
3500
3000
5500
5000
6500
5000
2500
4000
4500
4000
6500
7000
8500
5000
5500
7000
6500
6000
8500
5000
6500
4000
3500
5000
5500
3000
5500
6000
7500
6000
6500
8000
4500
5000
7500
7000
8500
7000
5500
7000
7500
7000
9500
10000
11500
3000
3500
5000
4500
4000
6500
5000
6500
5000
4500
6000
6500
3000
5500
6000
7500
6000
6500
8000
6500
6000
8500
8000
9500
8000
3500
5000
5500
5000
7500
8000
9500
6000
6500
8000
7500
7000
9500
7000
8500
7000
6500
8000
8500
6000
8500
9000
10500
9000
9500
11000
5500
3000
5500
5000
6500
5000
3500
5000
5500
5000
7500
8000
9500
4000
4500
6000
5500
5000
7500
6000
7500
6000
5500
7000
7500
3000
5500
6000
7500
6000
6500
8000
6500
6000
8500
8000
9500
8000
5500
7000
7500
7000
9500
10000
11500
8000
8500
10000
9500
9000
11500
7000
8500
5000
4500
6000
6500
4000
6500
7000
8500
7000
7500
9000
6500
5000
7500
7000
8500
7000
5500
7000
7500
7000
9500
10000
11500
5000
5500
7000
6500
6000
8500
7000
8500
7000
6500
8000
8500
5000
7500
8000
9500
8000
8500
10000
8500
8000
10500
10000
11500
10000
2500
4000
4500
4000
6500
7000
8500
5000
5500
7000
6500
6000
8500
6000
7500
6000
5500
7000
7500
5000
7500
8000
9500
8000
8500
10000
6500
5000
