0.178398344
0.240228841
0.414079103
0.236738878
0.297401243
0.470744096
0.305950546
0.23417104
0.291132075
0.350823883
0.525155895
0.456044939
0.181146437
0.344131339
0.408242292
0.233281631
0.295242988
0.463768339
0.634728741
0.346846396
0.40566836
0.574855716
0.527812899
0.459422644
0.290262551
0.236083608
0.409028103
0.346048397
0.295168898
0.461354777
0.525951328
0.233984369
0.291675728
0.459632728
0.637443798
0.484694005
0.52963149
0.705495673
0.302563219
0.236159303
0.29269215
0.466587957
0.635400048
0.573261642
0.297621912
0.583798566
0.632961789
0.234427631
0.295329268
0.688270375
0.88559169
0.235166935
0.292765279
0.462507192
0.408149278
0.344914584
0.294699015
0.352991758
0.528877433
0.458522329
0.404965299
0.576657949
0.648571845
0.234979945
0.292133101
0.466134432
0.633728677
0.467773088
0.527490235
0.689460959
0.523718663
0.463177858
0.296633072
0.582251961
0.753332961
0.683174471
0.293860924
0.477466789
0.523698457
0.233934976
0.291007628
0.57795117
0.763548184
0.460952891
0.519015343
0.692982675
0.659206594
0.567218594
0.29173346
0.463463316
0.644517381
0.574395134
0.52204697
0.688005124
0.754518413
0.466898753
0.294137722
0.712596839
0.870698808
0.696831225
0.749923183
0.912830145
0.299608249
0.236367462
0.294204756
0.350400828
0.527000466
0.455992658
0.289481551
0.460686036
0.517795573
0.235366755
0.288559747
0.571396864
0.752287672
0.343914519
0.409073006
0.581929298
0.51408462
0.463509502
0.294835329
0.463938331
0.632358479
0.571001714
0.521393304
0.702130799
0.751183688
0.235657987
0.291046117
0.457301916
0.644964491
0.461913183
0.521130939
0.687346326
0.525577025
0.461735815
0.294289752
0.577195829
0.75466884
0.690566548
0.29383783
0.575604
0.633642718
0.233931448
0.295513692
0.708432361
0.874638447
0.574313666
0.64129748
0.820459824
0.761164129
0.690537681
0.292927573
0.357887522
0.530036263
0.457853908
0.410491315
0.57900127
0.642170852
0.349707711
0.292195645
0.578376791
0.771180814
0.567111789
0.634960957
0.811517937
0.525052938
0.462542474
0.291615429
0.574875601
0.750294278
0.699844249
0.522831177
0.692397327
0.766305258
0.235347191
0.292387769
0.804261854
0.995805373
0.466333932
0.516469315
0.687252349
0.634586333
0.5777475
0.294787539
0.580482764
0.750612772
0.68777323
0.645197027
0.815604475
0.868646718
0.467477367
0.293544996
0.23915244
0.869229501
0.694160109
0.765391152
0.933891484
0.760774431
0.702614153
0.290011733
0.808093725
1.003791137
0.923568172
0.180539599
0.347775898
0.408554371
0.234918683
0.291552884
0.464303652
0.627975898
0.347773332
0.40612445
0.582466215
0.519241465
0.458888292
0.291649106
0.352991118
0.539439694
0.46173389
0.412494651
0.57401602
0.633625719
0.349124606
0.292286735
0.588311366
0.75336279
0.572949242
0.634768513
0.801159023
0.414605757
0.348772756
