2000
3000
3000
3000
5000
3000
4000
3000
5000
6000
4000
3000
5000
4000
5000
3000
5000
6000
6000
6000
8000
3000
4000
3000
5000
6000
5000
4000
6000
5000
6000
3000
5000
6000
6000
6000
8000
6000
7000
6000
8000
9000
5000
3000
5000
4000
5000
3000
5000
6000
6000
6000
8000
4000
5000
4000
6000
7000
6000
5000
7000
6000
7000
3000
5000
6000
6000
6000
8000
6000
7000
6000
8000
9000
7000
6000
8000
7000
8000
6000
8000
9000
9000
9000
11000
3000
4000
3000
5000
6000
5000
4000
6000
5000
6000
3000
6000
6000
6000
6000
8000
6000
7000
6000
8000
9000
6000
4000
6000
5000
6000
4000
6000
7000
7000
7000
9000
5000
6000
5000
7000
8000
7000
6000
8000
7000
8000
3000
5000
6000
6000
6000
8000
6000
7000
6000
8000
9000
7000
6000
8000
7000
8000
6000
8000
9000
9000
9000
11000
6000
7000
6000
8000
9000
8000
7000
9000
8000
9000
6000
8000
10000
10000
9000
11000
9000
10000
9000
11000
12000
6000
3000
5000
4000
5000
3000
5000
6000
6000
6000
8000
4000
5000
4000
6000
7000
6000
5000
7000
6000
7000
3000
5000
