0.239759279
0.234393953
0.261128848
0.237734452
0.470984009
0.237022411
0.34641436
0.236025875
0.460980795
0.456773018
0.236463683
0.23327265
0.457555621
0.349207358
0.4668407
0.235527125
0.463262854
0.457861286
0.461736136
0.463510144
0.683846099
0.232943251
0.350015299
0.234935041
0.463934161
0.462237451
0.350010488
0.347887836
0.571715358
0.46046665
0.580739035
0.23495172
0.464850513
0.457790081
0.464663523
0.459506677
0.700527744
0.460864046
0.580952006
0.458576534
0.697564435
0.681953417
0.237115104
0.231549638
0.462414819
0.348019018
0.470879127
0.235596725
0.459343101
0.455159699
0.461001322
0.460676093
0.685320537
0.348418018
0.46323944
0.344171752
0.575737427
0.572235276
0.472090238
0.458393071
0.69091038
0.577277938
0.710446925
0.236468815
0.46497528
0.461662366
0.468888299
0.459882583
0.681358446
0.46422892
0.594222268
0.464363952
0.690906852
0.685091209
0.463827355
0.46018889
0.693376544
0.577506304
0.684458069
0.469117307
0.700657002
0.693066389
0.694346138
0.69660318
0.919277002
0.234504288
0.34716938
0.235063657
0.46688432
0.462093439
0.350472032
0.343129029
0.574220973
0.4570867
0.578034883
0.236537774
0.236544189
0.480558715
0.461307307
0.459032945
0.69589146
0.459822606
0.573001201
0.45870066
0.69608711
0.682057658
0.352027617
0.346622841
0.578852767
0.463744284
0.586716009
0.349097986
0.577401743
0.574229633
0.584648204
0.596133233
0.812359877
0.459627917
0.59463057
0.459895092
0.694545958
0.686627549
0.587572383
0.579359214
0.809967483
0.692695614
0.824126515
0.238761459
0.458656719
0.461667177
0.469753332
0.46813809
0.695115591
0.461530221
0.585060674
0.467164005
0.689310853
0.684876634
0.466447795
0.463286268
0.687219634
0.575301222
0.687158693
0.465899651
0.694901979
0.685037325
0.686515932
0.694241898
0.930123119
0.460389351
0.575188964
0.469489364
0.692331255
0.68968227
0.580009353
0.584517663
0.816733156
0.688569304
0.819632318
0.46514848
0.701711272
0.234772105
0.694406437
0.697225734
0.938206068
0.693419522
0.836041975
0.690137399
0.931781661
0.931053262
0.239978985
0.232555477
0.462181001
0.345984249
0.464198771
0.232314602
0.465598477
0.453629132
0.460797653
0.458747809
0.69300641
0.349877703
0.46604238
0.349719578
0.572895357
0.599605555
0.490303092
0.475804397
0.708017646
0.577134246
0.69475925
0.236889946
0.457681351
