0.037784039
0.095779457
0.151141607
0.081289102
0.148268746
0.256350475
0.142710336
0.093266466
0.157834792
0.250088043
0.131442768
0.234806745
0.144459968
0.263827227
0.134069301
0.089080819
0.151064309
0.278194097
0.131402035
0.238756648
0.132375798
0.25824444
0.149518025
0.2621581
0.147046409
0.244641891
0.149199852
0.240154109
0.157067264
0.255009786
0.133046464
0.086997297
0.149276188
0.233803473
0.12433166
0.221294645
0.156677566
0.246149687
0.140029597
0.232196249
0.142741768
0.257938135
0.144922475
0.258249252
0.134660103
0.268407703
0.146180092
0.257061875
0.122716097
0.23330312
0.140718866
0.226533277
0.133155836
0.202028804
0.141547977
0.250570755
0.138644646
0.238581525
0.153067645
0.23233577
0.136700967
0.25072888
0.11426526
0.082630112
0.122916879
0.238993033
0.126098612
0.226636876
0.130564905
0.256551259
0.151283374
0.245583261
0.142150326
0.220791084
0.139996883
0.232699168
0.139916377
0.252141736
0.131377659
0.251315511
0.121487344
0.224943694
0.155036984
0.240156033
0.123158717
0.217098734
0.149316281
0.266187546
0.123745348
0.221789866
0.141886998
0.21471051
0.144820159
0.243494928
0.145038261
0.255995097
0.134445529
0.254381137
0.136192916
0.262636323
0.142357203
0.228816941
0.137673447
0.248315639
0.139503906
0.177744678
0.138094899
0.213918606
0.140229739
0.239624248
0.111464245
0.259995035
0.126238775
0.249134486
0.144059364
0.238005477
0.149482744
0.236595829
0.139256937
0.257200755
0.15659706
0.254271444
0.145921576
0.23657947
0.120957163
0.251960518
0.161535802
0.087534857
0.145736189
0.22511561
0.140119726
0.253106198
0.126815785
0.263974126
0.136937031
0.198769452
0.129301834
0.20712118
0.159748963
0.227826498
0.150951409
0.257044876
0.141735931
0.257817537
0.147994193
0.243966094
0.152662873
0.248267527
0.133073085
0.225844971
0.136088675
0.23577666
0.150576144
0.25290285
0.147946404
0.18830694
0.151820612
0.227267129
0.131982251
0.255289791
0.133687622
0.219625839
0.132338914
0.215293614
0.126326978
0.213708521
0.159027942
0.191663475
0.131321849
0.2286431
0.134058076
0.225593833
0.145069373
0.249546315
0.105523193
0.25042963
0.133272585
0.256420717
0.13883709
0.242969236
0.156276962
0.246863652
0.152205819
0.262859877
0.143702062
0.26533406
0.155139942
0.223025353
0.146723104
0.242430395
0.149091762
0.265101524
0.152107032
0.302102318
0.151269261
0.337097528
0.146548301
0.231290482
0.157955711
0.342484664
0.1427902
0.236731821
0.13851186
0.223398694
0.152868467
0.195676564
0.149024087
0.305539358
0.143827792
0.22440389
0.163389675
0.218063838
0.154640551
0.259367669
0.145908748
0.243628355
0.150775323
0.263193126
0.136522957
0.269488594
0.154008053
0.264633244
0.145306078
0.346847358
0.143020169
0.263018643
0.134801228
0.2266728
0.124617117
0.239358676
0.124535008
0.223069935
0.141325063
0.226679214
0.134660103
0.2644578
0.137430007
0.246114405
0.144718163
0.258428544
0.137266429
0.211416198
0.116043439
0.229709237
0.13736201
0.21369505
0.148616428
0.215917131
0.13543533
0.224751572
0.133065067
0.252315897
0.147228589
0.249826319
0.140978344
0.076679118
0.152843449
0.260177215
0.125083152
0.257070214
0.144473439
0.268799005
0.148196901
0.231184958
0.152360095
0.248564211
0.150113317
0.235549898
0.14373606
0.263277801
0.135764087
0.262942629
0.150493072
0.248869875
0.131946008
0.199407403
0.142572739
0.252835815
0.123517945
0.225344297
0.150371192
0.24951392
0.118719366
0.234958776
0.122736944
0.274742302
0.188180569
0.294151193
0.195050802
0.250152512
0.139057437
0.23242686
0.162531376
0.282156509
0.143886166
0.286608369
0.182840902
0.268296728
0.131611157
0.34100766
0.141546373
0.251588782
0.156959816
0.471999789
0.153505134
0.305009497
0.202915648
0.272276459
0.150359645
0.2516401
0.23926085
0.23927368
0.142584607
0.246127235
0.135222038
0.292850275
0.152403716
0.271813633
0.152292099
0.424677609
0.158496798
0.283787468
0.216093859
0.246082973
0.143945823
0.291063757
0.210656046
0.230484143
0.161671796
0.266804008
0.173409887
0.212575991
0.178346384
0.255496989
0.164110375
0.268752498
0.16455492
0.235162765
0.133548421
0.312176094
0.126506593
0.28742016
0.138778715
0.28598421
0.154434636
0.268027628
0.142086498
0.224202145
0.150657612
0.244082523
0.138803412
0.250965906
0.132826758
0.229168471
0.149276509
0.226234348
0.142679545
0.241848574
0.137438346
0.217950618
0.133551949
0.23224853
0.123642071
0.228880447
0.134638293
0.259615601
0.136951143
0.25894718
0.136443413
0.223051975
0.148422059
0.267641136
0.126330827
0.214448467
0.125145696
0.259040195
0.137373235
0.239562024
0.150415453
0.243382669
0.145044355
0.25388335
0.175452034
0.274379866
0.138356943
0.295450507
0.128162248
0.238122226
0.150286837
0.270997993
0.156631699
0.271333165
0.158772954
0.259973225
0.110167818
0.221607365
0.154619061
0.238903867
0.133750807
0.250461705
0.126227228
0.205868052
0.14422647
0.236703597
0.163416937
0.237161933
0.13828157
0.253243155
0.126226587
0.245289784
0.135026066
0.2228374
0.097190389
0.23580649
0.152565368
0.216435446
0.122947028
0.251971744
0.144675184
0.2429965
0.15178052
0.243715917
0.133915667
0.283864125
0.149540477
0.248488837
0.144254054
0.336759148
0.194086019
0.239152119
0.130534114
0.249238726
0.133683772
0.246693339
0.162750442
0.397804156
0.162946412
0.404745272
0.151733371
0.228584725
0.158173172
0.24892825
0.161744282
0.233123185
0.14767185
0.213429799
0.13501035
0.247826511
0.138044864
0.25801864
0.127740476
0.248952947
0.149069953
0.243278108
0.140136725
0.238222938
0.142124345
0.207297907
0.13490611
0.241182398
0.13523166
0.323825661
0.157933259
0.263696365
0.142806557
0.202007956
0.1965602
0.27058039
0.155840436
0.214552065
0.139224542
0.244268872
0.115000395
0.254128715
0.191280834
0.204397142
0.184030845
0.265633309
0.133260397
0.250754219
0.164072849
0.348528673
0.147321924
0.216357506
0.129002585
0.303102062
0.135146985
0.228455147
0.125363478
0.240864225
0.143128579
0.245429306
0.174973812
0.358198639
0.186335997
0.244051089
0.137889626
0.249697704
0.142507949
0.232455085
0.153278371
0.265459148
0.167409819
0.227688259
0.175775018
0.249135126
0.137656449
0.285908516
0.139699237
0.257948399
0.135407105
0.08564474
0.114990131
0.187179542
0.198149142
0.309477073
0.130116511
0.286564107
0.24061886
0.219680364
0.118778061
0.280540625
0.122744321
0.238538866
0.139321726
0.232879744
0.124598194
0.255925175
0.133229606
0.333664978
0.134245708
0.394433186
0.141575881
0.310261922
0.127554768
0.219658233
0.146970073
0.251557349
0.133190155
0.206209959
0.134597559
0.267619005
0.139117737
0.222033627
0.133921441
0.24801254
0.125765685
0.341482354
0.183711068
0.232871725
0.136926126
0.242533031
0.133549383
0.261175034
0.132802382
0.18735691
0.118846699
0.219971916
0.152343417
0.250382803
0.121770236
0.21133473
0.147663191
0.272377492
0.13686743
0.265960143
0.140609494
0.250934794
0.125883396
0.23412806
0.145637401
0.253016712
0.131428656
0.219081544
0.127275083
0.242863714
0.110453596
0.240102149
0.135147626
0.205299061
0.144871155
0.286961824
0.201468472
0.277595278
0.130551113
0.261119226
0.139753441
0.289045025
0.128033311
0.245653824
0.131565933
0.272135655
0.135283941
0.263858018
0.119519609
0.32628541
0.15795058
0.26618466
0.130768574
0.23808951
0.137446043
0.307322668
0.130984432
0.245939282
0.133432635
0.282598167
0.154098502
0.270761928
0.170188703
0.240096696
0.145326927
0.239001692
0.131051788
0.276671548
0.173628953
0.229579658
0.142492554
0.230540593
0.128316523
0.243689296
0.135912269
0.225156024
0.125929582
0.334265401
0.169539207
0.248917986
0.121414537
0.195444669
0.125542771
0.219577086
0.138667739
0.220358727
0.129449374
0.248443613
0.147225702
0.237524689
0.137614111
0.225857159
0.144354766
0.229287465
0.127172126
0.214430184
0.134180919
0.215006232
0.143476582
0.237306266
0.121080647
0.223419542
0.125503641
0.233695383
0.135670431
0.222461814
0.143828432
0.254463567
0.133675113
0.22676421
0.150980916
0.232179249
0.147604174
0.234625848
0.149734524
0.202761051
0.158721637
0.239887895
0.128416594
0.211193284
0.132761648
0.44482003
0.157996766
0.318165578
0.151698089
0.282255617
0.16920628
0.235992518
0.130348727
0.233088545
0.128917589
0.245987392
0.123655541
0.275692331
0.1424778
0.23245284
0.131187781
0.246656454
0.133833559
0.262534327
0.13159095
0.246921385
0.139294142
0.194791644
0.138907653
0.246518216
0.139637654
0.206351406
0.17571921
0.237598138
0.153962829
0.20317705
0.125035682
0.235632006
0.132039664
0.253173874
0.144388764
0.268140848
0.136012018
0.230340773
0.135066159
0.241308449
0.128911815
0.263496223
0.139396459
0.204621338
0.14026021
0.255882517
0.132485171
0.24286692
0.142672488
0.253333282
0.145699946
0.243480815
0.126745864
0.277576674
0.131647079
0.24215937
0.135768578
0.245742989
0.155753195
0.24097456
0.121222093
0.245417118
0.147566648
0.257264582
0.120728476
0.224331082
0.131244552
0.231972373
0.135779162
0.228428846
0.140051728
0.254339761
0.137048327
0.194375325
0.14364497
0.241184323
0.196871318
0.230384714
0.145353227
0.233799303
0.153885852
0.237257193
0.129403188
0.262241492
0.116232033
0.233693139
0.151614697
0.2436476
0.133316526
0.244179065
0.138417563
0.192640447
0.136834394
0.218996548
0.15002319
0.229318577
0.149341298
0.203978898
0.123570867
0.255724072
0.122767736
0.227667091
0.136167577
0.242661327
0.130222677
0.208348007
0.177521123
0.22501137
0.147201967
0.238906113
0.126013616
0.237151349
0.132710329
0.207851824
0.140682943
0.23875312
0.16173466
0.288349021
0.141794946
0.234460026
0.154212044
0.21156021
0.135004256
0.241354957
0.133246605
0.211773181
0.125692235
0.219578369
0.123921755
0.24417682
0.127804624
0.290679833
0.124062881
0.234533155
0.135046273
0.2943106
0.162875209
0.270093829
0.153788347
0.302454489
0.135437575
0.249196068
0.137816177
0.225643227
0.154654022
0.238185411
0.129619687
0.222579205
0.14423096
0.22259877
0.140439823
0.263634783
0.131940555
0.199021874
0.15493948
0.217450586
0.15048762
0.225474838
0.130823741
0.254924148
0.146506605
0.231311971
0.149529572
0.25318446
0.134915091
0.215068135
0.123031062
0.204579642
0.145418978
0.255739467
0.160843326
0.206825458
0.15392819
0.243035951
0.132872623
0.252124096
0.138055769
0.226257763
0.146966545
0.211591001
0.151082591
0.241673129
0.131736565
0.221661891
0.14228247
0.231901168
0.158783539
0.215846248
0.12904396
0.220091873
0.16430763
0.242589161
0.123118624
0.241553494
0.15299131
0.379042838
0.172197494
0.236451175
0.135580945
0.252767177
0.137273486
0.275309048
0.13989617
0.259744217
0.191765791
0.235254176
0.176861683
0.250251941
0.131370922
0.245505642
0.116883134
0.241393766
0.125896867
0.245784044
0.147025882
0.210144467
0.141793985
0.255214738
0.132019137
0.23773349
0.155295821
0.241528156
0.147056994
0.238218448
0.151901118
0.256270932
0.144119343
0.259423478
0.150402944
0.217242425
0.140541818
0.246367148
0.145159821
0.207164479
0.149641831
0.238775251
0.152576915
0.222659069
0.153538491
0.234057819
0.130737142
0.229715011
0.131053712
0.251854675
0.119257887
0.203302459
0.154541122
0.248487234
0.156613738
0.239024145
0.128351484
0.272496486
0.145895596
0.2402545
0.137850816
0.319028686
0.16412994
0.251427771
0.133332243
0.218371427
0.141387286
0.217198485
0.145396527
0.335933566
0.173222896
0.260085804
0.140246738
0.301236001
0.159999782
0.244819901
0.131190988
0.266717728
0.142954739
0.198081466
0.150242255
0.298732311
0.160343615
0.237320378
0.135855819
0.224105923
0.194499451
0.248705978
0.143999066
0.244710209
0.169944621
0.233010926
0.148009588
0.204789406
0.118243068
0.23897026
0.158002538
0.22526283
0.139432381
0.2600146
0.129890711
0.229954923
0.130806742
0.215218882
0.140025749
0.230814825
0.134638934
0.261170544
0.148523413
0.216072369
0.118915658
0.190959453
0.146056608
0.254120055
0.150124864
0.203988841
0.148208768
0.22057234
0.130596659
0.26487444
0.136130372
0.212342493
0.134923109
0.216344998
0.136427376
0.234182586
0.135998868
0.26687008
0.117269304
0.239238078
0.137472024
0.26345549
0.120757984
0.256789888
0.122564386
0.28641753
0.150845244
0.235977443
0.148932676
0.215461681
0.150235198
0.243765952
0.124476313
0.231622767
0.126098291
0.213026629
0.111272122
0.235838883
0.136963332
0.237632457
0.131189384
0.213902889
0.154880785
0.214216893
0.142892516
0.358052382
0.150634198
0.231210617
0.156618549
0.248560362
0.135350975
0.104526977
0.146814836
0.247457981
0.157940957
0.196747191
0.119178985
0.251662872
0.126482858
0.22692041
0.156380561
0.265312249
0.148601352
0.216393108
0.139199204
0.216165062
0.156153156
0.233922467
0.144065139
0.202494517
0.148271633
0.197944511
0.146161169
0.232040369
0.145854542
0.237506407
0.1442656
0.237203629
0.146453042
0.262964438
0.149812143
0.235929653
0.149839727
0.252770385
0.152724776
0.261334121
0.135236471
0.242165143
0.138786413
0.236515643
0.139246674
0.252813685
0.13022396
0.220600244
0.124914443
0.239403579
0.143188879
0.26755165
0.143848639
0.252068287
0.137620205
0.233786153
0.146301332
0.245393383
0.12822832
0.234699939
0.149308262
0.248831708
0.141721176
0.208816928
0.139747989
0.249900411
0.145408715
0.207013411
0.147837352
0.250989641
0.130435326
0.236382216
0.148284783
0.246946082
0.151001764
0.247067322
0.131793656
0.229561377
0.130087645
0.268450041
0.1557378
0.235426413
0.133896744
0.223037541
0.132792438
0.233942673
0.165426368
0.267876559
0.1592005
0.394366793
0.252313973
0.323876338
0.195261849
0.355094525
0.290527802
0.289952075
0.155109471
0.304298739
0.157139109
0.247519884
0.141029021
0.314423193
0.182654553
0.318491127
0.15164645
0.220669844
0.166032886
0.264551456
0.144254375
0.248016067
0.167934549
0.21549985
0.134462848
0.239891103
0.162948338
0.226353985
0.136146729
0.246494802
0.134383626
0.230241664
0.155263747
0.276490331
0.163150082
0.318674911
0.188102629
0.26595469
0.15909626
0.242965388
0.152743699
0.257299222
0.157540995
0.275421307
0.207143311
0.312089174
0.185607599
0.315388617
0.144696674
0.274716643
0.168052901
0.247284461
0.132795967
0.217195277
0.170596042
0.251674419
