0.091970359
0.086302256
0.105329787
0.102400797
0.098142984
0.078692719
6.42E-7
0.077923586
9.62E-7
0.093870097
6.42E-7
0.091683618
6.41E-7
0.095700234
6.41E-7
0.095438191
6.42E-7
3.21E-7
3.21E-7
0.084380065
6.42E-7
6.41E-7
6.42E-7
6.42E-7
9.62E-7
6.42E-7
6.42E-7
6.42E-7
0.105790047
6.41E-7
6.41E-7
6.42E-7
6.42E-7
9.62E-7
0.100342934
6.42E-7
9.62E-7
6.41E-7
6.42E-7
9.62E-7
6.41E-7
0.105862856
8.66E-6
9.62E-7
6.42E-7
9.62E-7
6.41E-7
9.62E-7
6.41E-7
6.41E-7
6.41E-7
6.41E-7
6.41E-7
6.41E-7
8.339E-6
9.62E-7
6.41E-7
0.098651998
6.41E-7
6.41E-7
9.62E-7
6.41E-7
6.41E-7
9.62E-7
1.283E-6
6.42E-7
6.42E-7
6.41E-7
6.42E-7
6.41E-7
6.42E-7
0.092718643
6.42E-7
6.41E-7
6.41E-7
6.42E-7
6.41E-7
9.62E-7
6.42E-7
6.41E-7
1.283E-6
6.41E-7
9.62E-7
9.63E-7
8.339E-6
6.41E-7
0.108649758
6.41E-7
6.41E-7
9.62E-7
6.42E-7
6.41E-7
6.41E-7
3.21E-7
9.63E-7
9.62E-7
6.42E-7
3.21E-7
8.66E-6
6.42E-7
9.62E-7
0.089169985
6.41E-7
9.63E-7
9.62E-7
9.62E-7
9.62E-7
6.41E-7
6.42E-7
9.62E-7
6.42E-7
9.62E-7
9.62E-7
8.66E-6
3.2E-7
6.42E-7
6.41E-7
6.41E-7
9.62E-7
6.42E-7
6.41E-7
9.62E-7
0.09794605
6.42E-7
6.41E-7
9.63E-7
8.339E-6
6.41E-7
6.41E-7
9.62E-7
6.42E-7
9.62E-7
9.63E-7
6.42E-7
9.62E-7
6.42E-7
6.41E-7
9.62E-7
6.42E-7
6.42E-7
8.339E-6
0.094753412
9.62E-7
9.62E-7
6.41E-7
