0.004232153
0.009752716
0.021072244
0.026837852
0.02820805
0.051286838
0.063880021
0.076003321
0.087105707
0.097004681
0.115477975
0.131308699
0.148305311
0.223198232
0.241744975
0.316372324
0.393015198
0.456733246
0.622705833
0.101168517
0.113312344
0.141968466
0.169148867
0.205602801
0.243744784
0.349351048
0.406113867
0.514092639
0.568833516
0.713683183
0.093155811
0.109910263
0.142270603
0.207478484
0.262042313
0.316520506
0.363575832
0.489235992
0.580466727
0.089830707
0.11115858
0.113305609
0.146275994
0.18412867
0.245690387
0.326626677
0.379075873
0.434117926
0.571650569
0.713053251
0.098207132
0.107174037
0.164007097
0.207228306
0.236633034
0.319574263
0.382908707
0.501368594
0.612104761
0.730139349
0.095859642
0.113408245
0.158140136
0.200280133
0.252857625
0.263660763
0.418385026
0.481751865
0.602943488
0.747429436
0.081107243
0.113491958
0.155291651
0.188555833
0.252768781
0.289803894
0.349658958
0.480284804
0.586758667
0.090779454
0.118609993
0.117779279
0.149812143
0.176907548
0.268354781
0.356248544
0.439867496
0.485464421
0.553451828
0.679745448
0.1111929
0.130821496
0.174782972
0.225827331
0.281371981
0.305129453
0.399255821
0.435350205
0.5832145
0.777537544
0.114900323
0.131949215
0.15152906
0.194378212
0.259923831
0.329678831
0.41031138
0.489041304
0.64280335
0.733104903
0.100553339
0.120477337
0.149153986
0.227933304
0.259848457
0.303493042
0.393834046
0.50241709
0.604443906
0.771424255
0.10441087
0.136569464
0.164269462
0.185648011
0.258271703
0.316636292
0.390435493
0.463002414
0.59366322
0.734337182
0.11075509
0.129723927
0.138810148
0.200541536
0.280684958
0.255651906
0.420734441
0.496045606
0.552202228
0.68285694
0.105258262
0.117507292
0.134828812
0.215050494
0.246954101
0.332610387
0.410127276
0.478393405
0.598434215
0.69627378
0.10127404
0.129068336
0.182715493
0.185979656
0.266386405
0.294929306
0.37914387
0.445871734
0.534567666
0.097759701
0.096361599
0.118897696
0.152591027
0.170215966
0.249237122
0.317042349
0.354449518
0.460916647
0.566749674
0.644257582
0.099838732
0.124832013
0.14605757
0.195988323
0.265370945
0.324247113
0.300162807
0.443124603
0.525168725
0.649563891
0.101433768
0.11796178
0.14223885
0.189434659
0.250106645
0.288717229
0.350812657
0.486088258
0.617466879
0.58838257
0.095278142
0.120663366
0.131297794
0.191366471
0.256054754
0.313822448
0.406700177
0.435791222
0.512268274
0.705154728
0.098302391
0.12033974
0.154425014
0.180651857
0.229720463
0.338996304
0.402619734
0.493416507
0.572841794
0.689397774
0.113979482
0.136306458
0.163271001
0.204332353
0.224701215
0.290841805
0.399467829
0.476810557
0.488511443
0.680917108
0.112137156
0.124608137
0.146575243
0.192308482
0.224983465
0.310179813
0.328799685
0.446088874
0.495007695
0.566638698
0.106369303
0.130772103
0.124365979
0.181093515
0.258555878
0.274059448
0.407953627
0.423872554
0.543289206
0.745946659
0.087841804
0.113769718
0.130346802
0.182585274
0.238159431
0.318607877
0.37459643
0.466355101
0.555619383
0.613296948
0.106899164
0.137521096
0.140326923
0.212493562
0.226884487
0.251753641
0.385982029
0.483502138
0.604240557
0.665228792
0.103108027
0.136772812
0.145177141
0.195254471
0.223605249
0.289384046
0.348464846
0.455618677
0.55462445
0.60776516
0.083730569
0.106930275
0.127370985
0.217790248
0.219087638
0.291508301
0.41065842
0.494791517
0.532318643
0.711728277
0.108367829
0.129263987
0.14701626
0.18397247
0.247717139
0.262308848
0.387481165
0.451335205
0.514491318
0.581315402
0.090228424
0.117554441
0.170731715
0.194858358
0.268626768
0.331800842
0.307473737
0.411675484
0.598777407
0.67590588
0.102092246
0.121625904
0.156630096
0.190648977
0.23040909
0.284539922
0.357620025
0.433460731
0.55619094
0.603739883
0.108412733
0.125256351
0.170119424
0.156901441
0.254992466
0.262736714
0.373409053
0.446612641
0.561100815
0.087537743
0.099576689
0.099454167
0.12346823
0.182953161
0.24684537
0.266677957
0.292189552
0.47610942
0.496947525
0.710772796
0.09696555
0.10976561
0.136415508
0.189247988
0.226898921
0.304145426
0.309874148
0.450633107
0.516234214
0.702593625
0.10351312
0.148386457
0.156386335
0.187757514
0.267023072
0.294508817
0.366190497
0.487376347
0.572626258
0.669485002
0.070325595
0.100835911
0.129956463
0.204437875
0.241897326
0.326411782
0.392505865
0.434045759
0.460692129
0.686874519
0.091473854
0.119987248
0.114539492
0.184666871
0.217452831
0.302398359
0.352281321
0.463536445
0.583214179
0.656377674
0.093583677
0.107071401
0.132179827
0.205297457
0.225312545
0.34322044
0.336444503
0.481327206
0.546130313
0.571917103
0.112717052
0.114455138
0.126410049
0.164994654
0.268105246
0.252244693
0.350284399
0.457991506
0.576860015
0.626502102
0.090207576
0.106217272
0.163066048
0.204029254
0.242142692
0.277084981
0.362936599
0.479483918
0.562418091
0.697795046
0.108020789
0.121419669
0.14800991
0.194020909
0.260970403
0.330247822
0.334624629
0.471897795
0.489893508
0.596096027
0.083410471
0.129454827
0.127865243
0.226951842
0.206893776
0.296542304
0.376275179
0.454092279
0.581304498
0.705039903
0.093961508
0.126630718
0.154547537
0.202127912
0.210975823
0.320845032
0.339134543
0.442662097
0.501059081
0.642934533
0.101493426
0.114144341
0.143375228
0.193923403
0.189018339
0.322111631
0.334326342
0.430820727
0.549369459
0.671878679
0.100078324
0.134533732
0.138887767
0.188297959
0.189537937
0.323734251
0.38477573
0.481007108
0.578880992
0.686021673
0.09039168
0.130440138
0.149840047
0.201322215
0.25826144
0.292138875
0.341128258
0.384989021
0.549516679
0.747280613
0.113551294
0.106980632
0.1372103
0.1879166
0.241454065
0.306066653
0.35713603
0.457453626
0.510464116
0.614659128
0.104867282
0.136235574
0.160314427
0.185183581
0.228233196
0.29704458
0.346128903
0.492615301
0.483248434
0.700460389
0.09796786
0.126081613
0.135797124
0.198253062
0.230355847
0.27779638
0.340887703
0.514420114
0.535990144
0.56284724
0.096964588
0.125685179
0.14013448
0.217878772
0.234714693
0.264586416
0.35218959
0.419412034
0.587914612
0.628073082
0.085137331
0.127694931
0.148183751
0.17468258
0.244564272
0.291964073
0.27746634
0.417632252
0.596516195
0.651625603
0.100664957
0.122858184
0.169794195
0.195144779
0.225436991
0.323958127
0.394351398
0.408013284
0.504512801
0.71444526
0.099326512
0.128397029
0.146866795
0.189497203
0.255634906
0.32116513
0.35077513
0.43978667
0.528868451
0.706482267
0.101921612
0.122033563
0.139815344
0.182890937
0.241860442
0.275901453
0.322428522
0.507576501
0.6086767
0.689495278
0.108149405
0.12810259
0.139412496
0.193558082
0.249938579
0.302735457
0.349280807
0.466659161
0.522839517
0.692001534
0.090328815
0.136998291
0.154421807
0.231675689
0.23854496
0.301518251
0.355531051
0.45195327
0.559535608
0.640547912
0.103167363
0.124501651
0.153853778
0.191785036
0.251697512
0.305467513
0.337056473
0.462879892
0.466995938
0.690781763
0.088608691
0.101036372
0.168020507
0.178651728
0.234056857
0.320967234
0.335756197
0.471807346
0.583157087
0.70233094
0.095498489
0.113291496
0.157697196
0.167710993
0.249278497
0.302536918
0.339164371
0.52284914
0.506503949
0.590272686
0.088138809
0.132061474
0.129028886
0.191752641
0.248036595
0.281036488
0.367551073
0.512150883
0.485940398
0.703379437
0.109107133
0.128885515
0.136419998
0.199403553
0.241865252
0.298676181
0.38366084
0.526573883
0.526556564
0.656912026
0.106739436
0.119577984
0.142773201
0.187305913
0.218321392
0.324812897
0.38953133
0.448979697
0.548028769
0.611156976
0.099452242
0.123124718
0.121454629
0.179549156
0.244392357
0.314090906
0.383510734
0.461789379
0.57979125
0.676244259
0.093275447
0.104434284
0.14007386
0.211245565
0.252189526
0.314453983
0.361757882
0.457146999
0.588424587
0.105280714
0.104299252
0.119281621
0.164419568
0.216685301
0.274796507
0.315277321
0.386600415
0.460441953
0.556249636
0.717038115
0.087760336
0.136056281
0.149486593
0.190514908
0.255459783
0.262057709
0.363051744
0.511089879
0.486214309
0.727942926
0.100153377
0.116770875
0.165893044
0.20820175
0.270945713
0.320540651
0.422588635
0.494235675
0.581232973
0.659867638
0.113379058
0.139010288
0.170505273
0.224174562
0.225165005
0.354805539
0.429243652
0.464634014
0.548232117
0.737411789
0.114011235
0.129594028
0.151597056
0.197744049
0.242568954
0.290580724
0.297967989
0.480072795
0.573561533
0.706296239
0.097479054
0.110146969
0.136593199
0.185384044
0.253652096
0.297950348
0.361882008
0.507856827
0.58954557
0.688906401
0.100718199
0.137255845
0.157298517
0.197388349
0.213460269
0.320201629
0.374964639
0.434596789
0.614776518
0.558470112
0.113343777
0.145151802
0.167902795
0.206372253
0.241994831
0.33183067
0.386388727
0.508475854
0.603793126
0.704134456
0.100728463
0.12349421
0.176573338
0.19048989
0.248041727
0.332448414
0.431526032
0.499194624
0.551557541
0.69780082
0.092497654
0.132744649
0.153343161
0.174809593
0.268424381
0.336763319
0.410744378
0.462584812
0.560553955
0.677526575
0.091341068
0.131392092
0.178331309
0.198747963
0.22634308
0.314070058
0.375917875
0.49320065
0.554024026
0.707459559
0.099859901
0.116824118
0.168695342
0.212308816
0.244845881
0.306159988
0.388645769
0.500109051
0.566674941
0.715027721
0.107822572
0.14944201
0.160672693
0.195236189
0.252291842
0.323682612
0.377865404
0.480424325
0.56435696
0.563593921
0.108751433
0.111656368
0.154165857
0.191758415
0.251743057
0.316788323
0.345797899
0.486206611
0.583599066
0.635874743
0.111369306
0.117348846
0.136161804
0.216283095
0.250846912
0.271281527
0.406708196
0.454751077
0.583405018
0.701670538
0.107827384
0.117624361
0.130467079
0.195699657
0.25369668
0.283224892
0.321207468
0.447649912
0.529840612
0.722946772
0.116831815
0.134830095
0.162730234
0.202713581
0.25113237
0.30781821
0.397098209
0.447101448
0.494276409
0.680675271
0.105106553
0.136063338
0.169381724
0.200202194
0.21481026
0.284708952
0.328566187
0.457495322
0.545151739
0.713559698
0.09535993
0.136337569
0.159851921
0.182702664
0.256145523
0.353221729
0.317901929
0.458883802
0.57625478
0.721343396
0.109619354
0.122695248
0.158527589
0.169130585
0.266656467
0.323782683
0.325467205
0.445089451
0.518348848
0.712831941
0.10584746
0.122269307
0.166045715
0.208857982
0.23095146
0.257876553
0.404119189
0.452405833
0.523954086
0.622578179
0.097695233
0.139090152
0.165810293
0.174727805
0.26903122
0.319205093
0.38448065
0.503667331
0.583417848
0.742746323
0.105248961
0.120904561
0.148550676
0.163982721
0.230133254
0.285594834
0.382397449
0.432539889
0.600505549
0.611891149
0.108877804
0.121247111
0.165153419
0.183592074
0.271423293
0.2826992
0.348641253
0.477597651
0.570342274
0.646516548
0.111932203
0.132055059
0.154073163
0.190550831
0.235906881
0.294853932
0.369712855
0.429758118
0.517484777
0.675727228
0.100832061
0.127063074
0.169137321
0.200788506
0.239243851
0.301258452
0.334709305
0.477496617
0.584395781
0.626428331
0.094747639
0.13447664
0.139658823
0.209230681
0.278466085
0.32811202
0.373358055
0.423838234
0.533618278
0.691145482
0.101678813
0.11379634
0.156012353
0.178467945
0.216410749
0.313956517
0.380396035
0.458003373
0.538056346
0.685604391
0.106666628
0.113132089
0.148423984
0.159585707
0.251853392
0.307339667
0.374723442
0.508087118
0.549983354
0.646299086
0.102630125
0.136071997
0.164167788
0.194484056
0.256857243
0.296557699
0.390107377
0.514546485
0.580114876
0.714161726
0.100646995
0.121739445
0.170228155
0.212061847
0.237017921
0.321814627
0.351106454
0.480739611
0.564709131
0.691697474
0.103471103
0.125946582
0.160368632
0.192343122
0.237634061
0.330353346
0.366468899
0.472609194
0.548090993
0.732734449
0.089966701
0.118826171
0.169348688
0.205818337
0.223122538
0.321154866
0.387126106
0.448711559
0.648651708
0.806790241
0.097561805
0.142298186
0.142563116
0.186588099
0.261684047
0.282769442
0.411917321
0.477916465
0.563567621
0.766912417
0.100825647
0.140556893
0.163733828
0.175417394
0.286565711
0.293641217
0.421194381
0.43361661
0.558040322
0.666763209
0.102468794
0.125018683
0.149595965
0.192570205
0.282102945
0.318122918
0.357028262
0.461995613
0.551223011
0.795251969
0.101879917
0.09737321
0.172170872
0.202456029
0.257620603
0.325531032
0.422212087
0.411975054
0.503315802
0.677447994
0.119262697
0.129760812
0.166742041
0.19347501
0.208516075
0.343436297
0.366528556
0.475967654
0.551566843
0.64315039
0.112248773
0.112606718
0.177210968
0.197972736
0.272868223
0.299437616
0.362775587
0.440912143
0.599130861
0.722306897
0.110549176
0.102760988
0.131602496
0.189035659
0.230116255
0.3240768
0.403385658
0.471746085
0.567791435
0.78679119
0.109566111
0.139510321
0.168756604
0.205592216
0.258120635
0.344925489
0.412539556
0.535682235
0.621064289
0.70075996
0.103512479
0.137342445
0.159493976
0.201331517
0.241717391
0.326961529
0.390785099
0.507900448
0.593716142
0.733385229
0.111824435
0.130720464
0.162121151
0.191823203
0.27563524
0.264682959
0.390725121
0.400250433
0.509155179
0.68918769
0.092502144
0.115644118
0.163607456
0.221909502
0.239893027
0.296762972
0.370103194
0.495682209
0.592152218
0.633007655
0.111019059
0.130358028
0.144982131
0.190530945
0.22180462
0.302266215
0.34941712
0.410963122
0.574789643
0.584768802
0.095130281
0.13137413
0.153590451
0.193243116
0.240122356
0.294665017
0.39581461
0.473129753
0.505171278
0.64441731
0.115811223
0.127044151
0.138898992
0.203002248
0.25283774
0.359713811
0.36754979
0.434872305
0.564507707
0.682430036
0.114184434
0.11805319
0.151589038
0.180822491
0.228751831
0.267614515
0.359829277
0.499299185
0.524514738
0.797691833
0.108775488
0.123550019
0.151475496
0.203254348
0.275130396
0.312632505
0.397817626
0.463893107
0.573142969
0.637718031
0.109372705
0.134639575
0.17789767
0.194531525
0.202458274
0.31804947
0.319953377
0.490591116
0.535635407
0.661344
0.121794934
0.11359267
0.146345594
0.215627825
0.25473844
0.344130056
0.40695741
0.464881945
0.561003953
0.68886695
0.103456029
0.110256662
0.152111201
0.177225401
0.251754604
0.307152676
0.430764597
0.499804029
0.609920206
0.618526921
0.10320906
0.109017646
0.181101213
0.206057288
0.238837475
0.322752468
0.39115844
0.497606965
0.554675447
0.679898762
0.106912635
0.121590623
0.167386727
0.189482449
0.254779815
0.34335964
0.423846254
0.432842988
0.608193988
0.594044578
0.112198096
0.127450207
0.146471324
0.215328896
0.255555684
0.337818871
0.3681701
0.493593235
0.626928684
0.756804001
0.095065171
0.122697172
0.162611241
0.197662261
0.258994328
0.31373264
0.335217355
0.411417609
0.550673585
0.658928834
0.112184625
0.127339231
0.152653251
0.211288223
0.238457719
0.305316445
0.437229096
0.460897724
0.566453632
0.663376203
0.114272637
0.125253785
0.160466457
0.203792869
0.258615536
0.324409727
0.341530785
0.470577953
0.546864165
0.59102065
0.094091728
0.125433399
0.166817093
0.200971327
0.234854215
0.310250376
0.392153051
0.482954316
0.59501225
0.700584836
0.106351341
0.143814641
0.159603348
0.188061574
0.276311037
0.345058917
0.385074017
0.405093595
0.607476816
0.668776489
0.100658221
0.116888586
0.161779564
0.202441916
0.25219979
0.270125262
0.347693148
0.414670547
0.528447642
0.700919046
0.117507934
0.113800509
0.146632335
0.189940143
0.222034911
0.323728798
0.348054941
0.41613889
0.62510849
0.611044397
0.114350256
0.12470051
0.163180874
0.196204501
0.243398386
0.30086266
0.363881816
0.472874445
0.487787534
0.629513843
0.108089107
0.134848056
0.157416228
0.211721862
0.245814514
0.331448991
0.336920481
0.460423992
0.570304426
0.094347677
0.103366222
0.136191953
0.182233743
0.182202311
0.274413544
0.331624114
0.342934981
0.413011363
0.618330629
0.755988361
0.08894226
0.124543027
0.12133788
0.198993008
0.269843011
0.326170265
0.387015451
0.482871886
0.486220403
0.707651041
0.109186035
0.119898724
0.133365279
0.17190947
0.254114603
0.2816924
0.362317893
0.462489552
0.561418668
0.692125019
0.087770279
0.104355702
0.147856917
0.221052166
0.27203815
0.283819221
0.351044872
0.439880005
0.544636953
0.692743404
0.114030158
0.121950812
0.172774823
0.167757501
0.230290416
0.289370895
0.342842288
0.483992549
0.532068787
0.6755242
0.090656931
0.139565168
0.161827354
0.17604027
0.242899315
0.314157941
0.375111217
0.469393783
0.590962276
0.667854685
0.117939648
0.13928003
0.156931911
0.220399462
0.227073403
0.306089105
0.389892482
0.497994739
0.563987147
0.722739254
0.097060168
0.104741552
0.17309011
0.212109315
0.229453929
0.29390294
0.375180496
0.499278979
0.631680757
0.676738519
0.103910196
0.1297034
0.168994592
0.20889166
0.228376887
0.331485234
0.410760415
0.512146713
0.555322378
0.682602914
0.096355184
0.126720204
0.169446834
0.179820822
0.263707591
0.281963745
0.366155857
0.517239732
0.59975534
0.733391964
0.098828724
0.128456686
0.140183552
0.207254286
0.24668949
0.31846643
0.384404635
0.546369265
0.58551869
0.641265726
0.101819296
0.140366374
0.187941938
0.180540561
0.288087618
0.349568189
0.410530765
0.438689421
0.558073037
0.664821134
0.125647653
0.124721678
0.159255347
0.180083507
0.236134606
0.323678442
0.393352296
0.464178564
0.531843307
0.774231685
0.115508445
0.112719618
0.141890526
0.194032776
0.260788865
0.339598332
0.368431823
0.454983613
0.55508471
0.658444518
0.119614228
0.121211188
0.158056744
0.172375503
0.261101585
0.342591149
0.404119189
0.460359523
0.595101735
0.715618844
0.102169223
0.128676393
0.146532264
0.197020782
0.237203308
0.308342619
0.396961894
0.45535535
0.580499763
0.668700474
0.111146713
0.140442068
0.14277737
0.209816351
0.19610443
0.334521993
0.387265628
0.529935551
0.638536557
0.630972565
0.123526925
0.120963257
0.171403022
0.199564244
0.246676661
0.337762421
0.343304153
0.475697913
0.616570092
0.707896085
0.087895046
0.134517695
0.182085241
0.176481606
0.275528433
0.325298175
0.405127914
0.443327951
0.614641808
0.648941016
0.106164351
0.140248021
0.142293375
0.181624659
0.256740494
0.337368873
0.40984695
0.437205682
0.551967767
0.758031149
0.117087445
0.111830208
0.159530861
0.196332155
0.254283953
0.329180402
0.401368851
0.507211821
0.561522908
0.630156604
0.099738021
0.128326145
0.165552098
0.191671493
0.253085351
0.28347186
0.40000186
0.510729688
0.59356764
0.695861309
0.102049909
0.112851442
0.151319617
0.208220674
0.284317008
0.32008873
0.356730937
0.433398508
0.523396962
0.690537681
0.108690814
0.128281884
0.154344188
0.189095637
0.25848307
0.343901048
0.340901495
0.549227692
0.620706345
0.719839772
0.125663368
0.128884552
0.155613995
0.193692792
0.228535332
0.300384438
0.406066396
0.512767344
0.530086298
0.638321661
0.11087633
0.124217797
0.137434818
0.185637428
0.252138208
0.329051144
0.386983056
0.47644748
0.593838343
0.67198805
0.113309137
0.138745679
0.162738895
0.215272446
0.255997984
0.324158909
0.40453583
0.522907834
0.565976693
0.652595517
0.099181858
0.114065119
0.134913808
0.210867413
0.231926507
0.333304146
0.332803472
0.406461227
0.497062029
0.616743292
0.108856635
0.109583751
0.144887835
0.20811932
0.267299549
0.309132599
0.433361302
0.374672445
0.542013947
0.66688958
0.112000521
0.124209779
0.15637575
0.188590152
0.222279635
0.312940415
0.351491341
0.469918834
0.582488346
0.717373608
0.099709795
0.132811363
0.150844281
0.192746932
0.230570101
0.268958092
0.386356332
0.504189495
0.540055834
0.645301587
0.109577337
0.147370677
0.174654997
0.188049387
0.237815279
0.303763104
0.329302925
0.462490835
0.561391084
0.683674825
0.10614254
0.137590697
0.16392178
0.19831721
0.263863471
0.322441352
0.406138563
0.408364172
0.561901381
0.655929602
0.112459498
0.139367592
0.140552403
0.1939914
0.286897035
0.301550004
0.397380459
0.401945219
0.613131447
0.567039943
0.121403953
0.129730663
0.163636323
0.216771581
0.218637
0.266710672
0.396464748
0.501744179
0.537782435
0.602468793
0.111320554
0.122494466
0.179196663
0.140097915
0.235894692
0.310832838
0.434618921
0.432740672
0.628161606
0.628386765
0.118233124
0.132552525
0.170814466
0.199409648
0.250521682
0.346399607
0.411051647
0.486787791
0.513489648
0.622801413
0.107343388
0.116102134
0.164071245
0.19162659
0.240134222
0.312415044
0.352879179
0.438918429
0.601342999
0.71885414
0.110464822
0.126033502
0.177374865
0.165566532
0.220151851
0.323703139
0.355880657
0.492335296
0.562041864
0.681930965
0.099833921
0.153315578
0.142604492
0.177232457
0.280246508
0.292215853
0.365052836
0.452842679
0.510824307
0.722215808
0.117028107
0.12234019
0.167074647
0.217249161
0.257274204
0.308224908
0.385149711
0.456957763
0.582853668
0.680549221
0.111985767
0.112726353
0.131591912
0.181354597
0.226365531
0.306983647
0.442736829
0.466335856
0.609793835
0.573702979
0.101874144
0.138057693
0.17321103
0.209118743
0.236627261
0.272643064
0.353040832
0.424588123
0.620049471
0.722192073
0.093022063
0.129321399
0.166302307
0.196049905
0.262637605
0.301330619
0.332941069
0.453762559
0.608508634
0.583253951
0.112545777
0.123739576
0.158917929
0.205769264
0.264341051
0.322013485
0.548522066
0.489869453
0.474964382
0.841100674
0.164414115
0.118920148
0.144709183
0.193496179
0.226503449
0.281743076
0.40661005
0.484664497
0.624550404
0.728185405
0.104316572
0.144004519
0.173646593
0.214663362
0.329777619
0.397216882
0.451275868
0.521940164
0.74149544
0.706927132
0.090401944
0.123161282
0.137445402
0.209102707
0.254917092
0.357185745
0.454429697
0.509190781
0.532515897
0.585655004
0.104825585
0.122820337
0.192525302
0.177097747
0.241800463
0.282171905
0.341376831
0.466639275
0.618151015
0.685071002
0.122194254
0.129748303
0.137407555
0.210160504
0.213513833
0.30344429
0.359580383
0.485550059
0.459280236
0.686941874
0.112784729
0.131143839
0.166061753
0.200151197
0.242248857
0.327796734
0.424920729
0.49510969
0.536323393
0.773657883
0.128172511
0.131343018
0.164814077
0.181903702
0.20905235
0.290034826
0.42847067
0.513584908
0.573708111
0.638769734
0.121901739
0.1266923
0.171925186
0.219097581
0.281289551
0.348304798
0.403162745
0.471580263
0.593578224
0.718627377
0.101835975
0.123256542
0.152420715
0.170191911
0.275598996
0.267890351
0.374303915
0.450435532
0.576695476
0.727098741
0.100990506
0.133580495
0.142821633
0.206776706
0.235945369
0.297246005
0.368415465
0.481816975
0.563483587
0.723959024
0.099169029
0.145126785
0.157828057
0.206792422
0.254722082
0.290345943
0.36635664
0.430595247
0.61754129
0.662344385
0.119725203
0.130019328
0.130408706
0.162894453
0.282140151
0.369170806
0.39011732
0.517798459
0.594093331
0.768513227
0.095167166
0.136745549
0.135077385
0.19289768
0.252995865
0.282219374
0.375988118
0.494060873
0.607350123
0.631657663
0.107994809
0.124889746
0.151787575
0.200922895
0.250710918
0.308726864
0.386762388
0.478010121
0.522390482
0.749953654
0.101986402
0.129604933
0.14955042
0.209313433
0.273979905
0.303958114
0.417855487
0.55171727
0.572339516
0.752265862
0.095166525
0.127451169
0.128768124
0.201069152
0.266200376
0.291412401
0.409791462
0.506549815
0.542118508
0.689604329
0.108894162
0.117921046
0.155986052
0.180917109
0.265392754
0.228433337
0.371322004
0.506432745
0.648488132
0.602166337
0.112200021
0.123152301
0.174386538
0.19883392
0.199831099
0.344628806
0.359264135
0.476095629
0.58589588
0.640484726
0.101648663
0.1396229
0.138684097
0.204252809
0.241672488
0.316982691
0.373008129
0.459805927
0.525649513
0.737492615
0.11609636
0.123419157
0.133786089
0.223523782
0.248050708
0.317198549
0.422232935
0.49326127
0.496542431
0.666242008
0.106492787
0.117453408
0.163532404
0.200713773
0.226973011
0.323539562
0.464734085
0.480380384
0.640964552
0.679802861
0.099705946
0.138182782
0.159343229
0.211937079
0.227092968
0.318028621
0.403920652
0.423105666
0.581761551
0.687630501
0.115348397
0.114770746
0.165634849
0.191104427
0.236992904
0.310528136
0.385943862
0.416486893
0.598878439
0.722402478
0.103246586
0.121733673
0.151930305
0.198904804
0.203919562
0.288615234
0.409087119
0.505375909
0.499286034
0.720005594
0.097604463
0.126775693
0.17464345
0.189011604
0.259023195
0.322942987
0.383957845
0.469315203
0.547580696
0.608959592
0.100639618
0.120451678
0.157011776
0.191056637
0.279274668
0.246384789
0.3841814
0.472291983
0.606037338
0.62118136
0.109151395
0.127315176
0.147738885
0.165185814
0.231892829
0.294695166
0.440446751
0.433313832
0.51477485
0.678874
0.093536528
0.123955112
0.14972394
0.195251264
0.228448732
0.304660854
0.344118189
0.443981297
0.631313189
0.684046882
0.115839127
0.121333711
0.17750284
0.186858161
0.244325963
0.314568166
0.384304564
0.471022177
0.483734353
0.691654174
0.103268717
0.107106041
0.149889121
0.187736345
0.244495955
0.29642395
0.345171176
0.416235754
0.548981043
0.568426819
0.106685873
0.119244736
0.133662283
0.170418353
0.23952578
0.269698037
0.317723599
0.43267524
0.567251952
0.652310381
0.094653342
0.131826372
0.172118591
0.209467708
0.203789662
0.28268605
0.282589828
0.485649808
0.478978753
0.650055905
0.113033942
0.111696781
0.162037438
0.206594526
0.188568022
0.27582191
0.361219682
0.430214851
0.450427513
0.629101052
0.096127139
0.135949796
0.168294097
0.190180698
0.245064626
0.295806849
0.392263386
0.449337321
0.519752081
0.662694953
0.094810184
0.112557645
0.155269199
0.167008253
0.241892194
0.292137913
0.339430264
0.430207473
0.52803036
0.661945386
0.092586498
0.116636805
0.158661337
0.192768742
0.261816513
0.322756958
0.366693417
0.432544699
0.529673186
0.618185014
0.101472578
0.109813722
0.140171364
0.183521511
0.218827839
0.277072472
0.398246454
0.451158157
0.482048227
0.634193748
0.110217853
0.116149283
0.166716381
0.203598822
0.226726042
0.273918003
0.303596961
0.418578753
0.583673477
0.614549436
0.095099491
0.113821357
0.167998055
0.180160806
0.228611026
0.303522229
0.378903636
0.432111702
0.460528553
0.630461306
0.100461928
0.13344835
0.169592449
0.198010904
0.21606852
0.322071219
0.397144395
0.460213586
0.586041495
0.557595778
0.110357695
0.12186293
0.149731317
0.205046638
0.237088804
0.348854865
0.34935618
0.443391778
0.523820017
0.68172024
0.098545512
0.132175015
0.146605072
0.189032772
0.24626836
0.310273148
0.371839035
0.500183783
0.517938943
0.6745004
0.103763618
0.11660794
0.148087208
0.168140142
0.244224289
0.301421067
0.394047978
0.414195852
0.586286539
0.540927283
0.095609786
0.093300143
0.168453505
0.200627815
0.251341491
0.307244087
0.3758069
0.508699089
0.514157749
0.618515696
0.112933551
0.133047747
0.178434587
0.154322698
0.238944602
0.312841627
0.343933443
0.403828278
0.531930548
0.64072047
0.097050226
0.144088552
0.158455423
0.180462301
0.247040058
0.321180525
0.35851585
0.408504656
0.533147433
0.606748417
0.121747464
0.123629562
0.129908673
0.22675555
0.246128838
0.300926808
0.344801363
0.498572711
0.573450878
0.698834241
0.098107703
0.140593457
0.140459709
0.203126694
0.243344501
0.268877907
0.413647709
0.404531018
0.542155394
0.658020821
0.106347814
0.099444223
0.161618552
0.168839996
0.24501459
0.301423954
0.372171962
0.398312847
0.495332603
0.63503633
0.103494839
0.098830329
0.126725657
0.153753707
0.279698043
0.286775474
0.367536319
0.405973383
0.609273275
0.599866316
0.100534095
0.121005915
0.141153789
0.186802032
0.247346364
0.310972039
0.390019494
0.457561074
0.576416433
0.698072807
0.114145303
0.108729302
0.163897725
0.20365848
0.247877188
0.294252867
0.344952111
0.448078419
0.549538168
0.564229947
0.095963882
0.128251735
0.151270544
0.197039064
0.267302756
0.255716374
0.394652893
0.40813773
0.484359795
0.66269784
0.116067815
0.128638225
0.150592502
0.18000236
0.28366687
0.302096223
0.43100002
0.478779895
0.450924017
0.654243155
0.086291671
0.122936124
0.162412703
0.169378837
0.236761009
0.312717502
0.391416955
0.471086645
0.558826775
0.639487869
0.109341593
0.119949721
0.151117231
0.193231248
0.207796335
0.278431765
0.350702643
0.464737934
0.548969176
0.596876385
0.106337871
0.130282013
0.159661082
0.204827573
0.238985335
0.279223349
0.43455381
0.428456558
0.575843592
0.714854522
0.107983263
0.11552352
0.135836253
0.209442048
0.215283351
0.316427171
0.373368641
0.489293405
0.481510028
0.681504703
0.098096477
0.115000395
0.145332058
0.201256143
0.265585198
0.320669267
0.426869541
0.470634723
0.55882485
0.654538235
0.11730266
0.11560178
0.168559028
0.185089285
0.233509676
0.334200933
0.36110229
0.489922375
0.492920003
0.636472601
0.120200538
0.130146661
0.179936288
0.207960875
0.218311449
0.283522858
0.348346173
0.45154561
0.513384125
0.652263874
0.100473475
0.104994935
0.153929151
0.184713699
0.225779862
0.257282864
0.338745165
0.428346224
0.531021894
0.682521446
0.108315548
0.129318833
0.156273434
0.192542301
0.265354587
0.302465073
0.32703562
0.446409614
0.523676005
0.612211247
0.105160116
0.136017472
0.162081058
0.187295969
0.203345438
0.279022567
0.388793629
0.521633537
0.532784997
0.687512469
0.103133045
0.11723723
0.157163806
0.179554609
0.245923245
0.323852283
0.405208099
0.411153
0.532223704
0.662202939
0.099891333
0.13161276
0.168398658
0.207300794
0.222576318
0.302835207
0.304788187
0.491768229
0.572270237
0.561248035
0.114044271
0.118342817
0.169691879
0.189707608
0.267263627
0.30175239
0.423030613
0.410446732
0.556479926
0.628464384
0.08539745
0.113981406
0.14468224
0.20289063
0.281183066
0.30808282
0.399917506
0.445558051
0.546062317
0.664063547
0.108645269
0.12256567
0.16686328
0.1768867
0.239656963
0.261735366
0.385668668
0.447432451
0.538056025
0.647708094
0.108638853
0.144583773
0.152961802
0.171852378
0.251657099
0.236233713
0.399108281
0.458842106
0.571317
0.67036479
0.111333383
0.131494087
0.149192154
0.195119761
0.262670961
0.321731235
0.351307558
0.500504843
0.611894998
0.51874015
0.118586259
0.139346103
0.136809697
0.208109057
0.263924732
0.277625426
0.403638401
0.527197079
0.519385797
0.65812025
0.109947149
0.125646048
0.126561118
0.190011027
0.291683426
0.297686059
0.381683163
0.530212028
0.601356471
0.671834416
0.110657907
0.122852731
0.167841534
0.205185199
0.271628245
0.277053549
0.388208922
0.472736207
0.574260423
0.696087111
0.097774134
0.134098488
0.16087123
0.1979397
0.246582363
0.344029023
0.383876376
0.498836038
0.602462058
0.612745919
0.120354173
0.139767233
0.16806958
0.183819157
0.226984878
0.314047606
0.39741991
0.454093242
0.527983211
0.624354753
0.109251144
0.114172888
0.142927797
0.179246699
0.252821382
0.271378389
0.301001219
0.445440981
0.507153767
0.696374814
0.106402018
0.116680105
0.149469593
0.173023717
0.222184696
0.2530196
0.338447199
0.520069292
0.536879555
0.629844524
0.09552896
0.123510888
0.17934677
0.182287948
0.227473685
0.306287642
0.418877362
0.441898417
0.538764217
0.708953242
0.093822627
0.125346158
0.136310627
0.217970504
0.247427511
0.32737432
0.393336259
0.425210036
0.497988644
0.662997731
0.10362538
0.130197659
0.157549655
0.187215464
0.254435663
0.264330466
0.351785138
0.488902424
0.565148544
0.687238878
0.104934636
0.127139732
0.148985598
0.170307377
0.249528994
0.298873756
0.39643043
0.380405979
0.633213569
0.534700452
0.110436597
0.104997822
0.135837216
0.184220722
0.265446959
0.292379429
0.354148345
0.389567894
0.557913951
0.103845406
0.122185914
0.124826239
0.151506609
0.188279677
0.247430719
0.293552373
0.42583644
0.435644644
0.547038006
0.674698618
0.102808777
0.133992003
0.15436696
0.185368007
0.225019068
0.322584401
0.359661209
0.478050214
0.510366291
0.688757258
0.112923608
0.123912132
0.170341055
0.204324334
0.206896342
0.294751296
0.375658397
0.4474626
0.596962664
0.646159565
0.101620439
0.134128638
0.160615922
0.210295214
0.235585179
0.286718062
0.414166665
0.479303341
0.574982087
0.578233099
0.096774711
0.135231018
0.147534254
0.168811771
0.233563239
0.311543275
0.370402124
0.467811898
0.534056728
0.725747788
0.105760861
0.107590998
0.151648055
0.195521005
0.254168486
0.250085477
0.386538191
0.46131725
0.51636732
0.598363011
0.08371389
0.128946776
0.167014348
0.155954298
0.242204594
0.271048991
0.350907275
0.453883157
0.593186602
0.70494336
0.104916996
0.116314784
0.159594688
0.186202249
0.259645108
0.280364218
0.386694712
0.426136331
0.580332337
0.654572554
0.108276739
0.131273739
0.144390047
0.18681454
0.260038656
0.272212312
0.317574454
0.430428783
0.516759264
0.676376083
0.095683556
0.119545269
0.143459583
0.210410039
0.229690634
0.301360768
0.379540625
0.447076751
0.557341111
0.590724928
0.096630379
0.129611027
0.167303976
0.21271872
0.270241049
0.293978635
0.369993181
0.449744339
0.436144677
0.714353528
0.095559109
0.130625524
0.12745566
0.171910431
0.243260147
0.292081462
0.333923814
0.413907829
0.548351754
0.724092452
0.109213297
0.115291305
0.140651191
0.203030472
0.261964694
0.264263111
0.369501488
0.461496543
0.518199063
0.615867994
0.094662002
0.129429809
0.145552086
0.193497141
0.242904768
0.323873131
0.345639454
0.48879626
0.528818416
0.700257682
0.099802809
0.127118883
0.142005672
0.180172032
0.220249356
0.256488394
0.330796286
0.411700502
0.561211149
0.657513091
0.10661114
0.136779227
0.145516803
0.187081074
0.271756541
0.303465779
0.380204234
0.415485544
0.495564498
0.58791397
0.098145871
0.123950621
0.13859429
0.157309422
0.241906948
0.263374664
0.371095562
0.471430798
0.597110204
0.5936196
0.111595106
0.110691263
0.150403265
0.179008069
0.251593272
0.322611984
0.390522092
0.389061767
0.604351854
0.701399192
0.099891334
0.121986736
0.12283028
0.198013791
0.241006312
0.29207152
0.347833632
0.442279776
0.534415956
0.700733338
0.110146327
0.13569128
0.148931393
0.192875869
0.227093609
0.333364766
0.360864623
0.424256478
0.518647135
0.617733413
0.092337926
0.12771642
0.142023954
0.179903252
0.206074607
0.301126628
0.30144801
0.348577747
0.513010465
0.643332891
0.108724812
0.118621219
0.14050365
0.181115325
0.240317365
0.309717949
0.359023901
0.464969828
0.479186593
0.605162041
0.0969957
0.113848299
0.121311259
0.198331643
0.220842723
0.334249365
0.344683011
0.498878696
0.552471007
0.603039068
0.105000708
0.109511264
0.141169184
0.171017494
0.233947805
0.321385157
0.339383436
0.460230265
0.531360274
0.681919419
0.09907858
0.104728722
0.157585578
0.198330039
0.230498897
0.306808843
0.400268074
0.390792797
0.57697965
0.637385745
0.105159475
0.129577991
0.147714188
0.20356771
0.246870067
0.259586734
0.362566786
0.456351566
0.535253085
0.575493024
0.110135102
0.123198489
0.146875776
0.216065955
0.223840351
0.325497675
0.428958515
0.462818631
0.549700141
0.684449088
0.109716217
0.124377205
0.136739776
0.160070023
0.261952186
0.255185871
0.38944922
0.427989241
0.62273951
0.642226982
0.101111426
0.123068268
0.159504239
0.213376556
0.247579863
0.326785122
0.367310518
0.407425368
0.555647929
0.688291865
0.105798708
0.110213683
0.169908378
0.196673421
0.230138386
0.249157257
0.361853782
0.457847494
0.498249727
0.599453525
0.101682662
0.12091707
0.165926721
0.20027404
0.276792788
0.333062629
0.373236175
0.41472411
0.537254177
0.657362664
0.100216883
0.126477405
0.16897663
0.210379569
0.230068465
0.305349481
0.399203861
0.493585216
0.523979744
0.713789027
0.11159639
0.114722634
0.12602388
0.197485533
0.267355037
0.30018558
0.38866373
0.432125815
0.42206166
0.58954557
0.103580797
0.128081742
0.154386526
0.20292976
0.195829877
0.278167155
0.350463692
0.493656421
0.481439464
0.574954182
0.104696648
0.127499921
0.168847372
0.173718118
0.235593519
0.334171745
0.419639438
0.50856502
0.687554806
0.759256373
0.107028422
0.127096111
0.148539129
0.212097769
0.279052396
0.332923108
0.397331706
0.473817739
0.510767856
0.6191854
0.109970884
0.134582163
0.151991566
0.204638017
0.251432581
0.34048678
0.382043994
0.498918788
0.53922961
0.730620778
0.107370971
0.143240518
0.123667409
0.19563583
0.251509559
0.33752315
0.329138385
0.472099539
0.624320754
0.690879268
0.085144388
0.112738863
0.150000738
0.189492071
0.278236435
0.285293339
0.354565306
0.475364985
0.512749383
0.657093564
0.112098667
0.130820213
0.16289766
0.205859071
0.222138509
0.310289506
0.348603085
0.431175465
0.489928789
0.724569713
0.106171407
0.100205338
0.142050255
0.208816286
0.235737851
0.309343004
0.37949123
0.474952514
0.517834703
0.664129299
0.115814431
0.122395678
0.146756782
0.170935385
0.253650172
0.322011561
0.381555188
0.464009535
0.599374944
0.6377918
0.112231774
0.154091445
0.116929641
0.218205926
0.26945652
0.297643722
0.374853984
0.416773312
0.587374166
0.612605756
0.103485857
0.12848427
0.150063923
0.17562395
0.260761923
0.288085373
0.41063244
0.471490135
0.495904802
0.637300428
0.112284375
0.131500181
0.17468675
0.194507149
0.217746307
0.332742853
0.362388134
0.44460738
0.539086239
0.633190155
0.102761308
0.143209085
0.147599043
0.186559232
0.248993039
0.329313188
0.364722795
0.51343801
0.536233906
0.601719227
0.103989739
0.095726215
0.141504998
0.200896915
0.235830544
0.290695548
0.341931068
0.479235024
0.571645116
0.632222165
0.104174164
0.105349352
0.149486593
0.199985695
0.258853204
0.336719056
0.410487787
0.472112369
0.504169289
0.682820055
0.101657323
0.133616098
0.148984315
0.178399627
0.23892247
0.258290627
0.38924491
0.380370056
0.509963442
0.684534085
0.095208542
0.115649892
0.150700911
0.188960285
0.240010097
0.294364805
0.340353673
0.504271604
0.587276341
0.55252906
0.114692164
0.132727008
0.157762305
0.17800159
0.209315677
0.327696663
0.301932967
0.460590134
0.539109975
0.735020999
0.123148453
0.119124459
0.171390514
0.173542353
0.236186886
0.305210601
0.359012354
0.442135122
0.574283837
0.64856575
0.107862344
0.119369504
0.150138014
0.191571424
0.246240455
0.290875804
0.384219247
0.479518558
0.509139784
0.719584463
0.101683304
0.139607185
0.135236792
0.196588426
0.254637087
0.302735135
0.336138518
0.457042438
0.590051697
0.669507133
0.112910779
0.11524159
0.176699067
0.19052421
0.256563447
0.29070485
0.405987816
0.364458827
0.550695074
0.718423387
0.107727312
0.133210682
0.162995806
0.177534914
0.246863651
0.332882374
0.408864205
0.482153109
0.590829169
0.640058785
0.099323625
0.123807572
0.143122806
0.175421242
0.226418133
0.287356974
0.372524455
0.45950764
0.545830102
0.607164415
0.114651751
0.127305553
0.158898684
0.209473481
0.226148711
0.304522295
0.394805886
0.478524587
0.593728971
0.620729438
0.093643975
0.141963334
0.160571659
0.195971323
0.221411073
0.299709923
0.345464011
0.451508404
0.594609401
0.626159553
0.104088205
0.133428143
0.159843582
0.201101547
0.253265285
0.323090527
0.388305464
0.415819755
0.566325336
0.639682879
0.112843745
0.116648352
0.163455426
0.175091523
0.258866033
0.265350738
0.375972401
0.45212262
0.540648561
0.683609073
0.115169745
0.117632701
0.136339493
0.204451346
0.240142241
0.299872217
0.382871501
0.418844325
0.578308152
0.594217137
0.095766627
0.126549892
0.121453346
0.200512669
0.237501917
0.352909329
0.340099005
0.458847238
0.539974046
0.567163749
0.111261859
0.118150374
0.170499179
0.181110194
0.236418459
0.325475223
0.350701681
0.481933724
0.578286021
0.709975117
0.098532683
0.138282211
0.155007476
0.212070507
0.209382712
0.320403054
0.371675459
0.471260165
0.55341366
0.643843828
0.10004176
0.138897388
0.12618489
0.179024427
0.250221791
0.32452359
0.341879749
0.463793357
0.574803114
0.622570481
0.105437556
0.127962106
0.161574932
0.196040603
0.223425635
0.277528243
0.326270015
0.462728823
0.609407023
0.598321636
0.115834637
0.128632452
0.156751015
0.195216624
0.208964788
0.299115272
0.369633633
0.432402292
0.497244209
0.70625358
0.1105944
0.130669787
0.117998344
0.169510661
0.238927282
0.331041331
0.391499706
0.460075027
0.493988385
0.616411967
0.123561244
0.105039839
0.164122884
0.145839147
0.234944342
0.302653026
0.372396159
0.444214475
0.491838471
0.600907115
0.103075633
0.144778783
0.155297425
0.207964724
0.227664846
0.319744576
0.352938196
0.440261043
0.529735089
0.663598796
0.100969018
0.089920835
0.145510709
0.159810225
0.262562552
0.294929306
0.387488221
0.424374832
0.530790962
0.63451096
0.091850723
0.136123956
0.146183941
0.15591613
0.252894832
0.344673709
0.337821116
0.415907637
0.576034111
0.58902469
0.097718005
0.108882616
0.147737281
0.185346196
0.269951741
0.259627468
0.38731887
0.452942429
0.574038793
0.632794363
0.112444745
0.117964666
0.167544851
0.188099742
0.232020162
0.269792334
0.382322395
0.446522514
0.506756371
0.670750639
0.101205082
0.125153072
0.166385058
0.176937377
0.24111761
0.274914218
0.354157646
0.439929078
0.481065162
0.706154793
0.111744571
0.116084813
0.162010496
0.165139306
0.24996969
0.331083669
0.380750773
0.429092905
0.603446728
0.683043289
0.085350302
0.120591199
0.153765254
0.205725964
0.26994661
0.294817048
0.363005877
0.384548646
0.534238588
0.676444401
0.098860157
0.132577223
0.169381724
0.1952673
0.237596214
0.344071682
0.39211777
0.463072335
0.56745081
0.678166129
0.119994304
0.123915661
0.160976753
0.200646418
0.27625138
0.316106111
0.355841206
0.482601823
0.506412539
0.684488861
0.102817758
0.121965246
0.146845947
0.218712694
0.2610647
0.300642954
0.353792003
0.396231571
0.540313388
0.512997635
0.104036567
0.137271241
0.160299994
0.177806259
0.248687695
0.273029555
0.383077416
0.470679306
0.487339782
0.67043407
0.087292057
0.121982245
0.157562165
0.170567817
0.241143269
0.295947974
0.366672889
0.484436452
0.454274779
0.627184955
0.09987241
0.129416017
0.16151752
0.182419451
0.249853261
0.276073691
0.359694887
0.480212958
0.586445627
0.664509375
0.087932252
0.141250651
0.158999075
0.210991218
0.236152246
0.272676742
0.394075883
0.473892151
0.556370554
0.639903227
0.106454941
0.114830723
0.143528221
0.199550131
0.24117855
0.280660582
0.342910926
0.426556499
0.58539745
0.604958371
0.105362503
0.128925287
0.155159186
0.185644163
0.256608029
0.323861584
0.334828941
0.478670203
0.520823671
0.703792549
0.088827756
0.122446996
0.174969321
0.193201099
0.243203056
0.275759045
0.352530216
0.521166862
0.547250976
0.669591167
0.08386143
0.1267356
0.17024772
0.20800193
0.229959414
0.294858102
0.376012814
0.455481401
0.58238603
0.614112267
0.112431274
0.100911925
0.139653691
0.189158503
0.266020762
0.268445871
0.32694902
0.481707923
0.515997187
0.615813789
0.112865554
0.123612242
0.157748834
0.197419781
0.25444753
0.302334532
0.320772224
0.438711231
0.461284535
0.534025296
0.115331077
0.138433279
0.143185351
0.199768876
0.229917076
0.311563803
0.383998899
0.413534809
0.539622837
0.630426346
0.105535701
0.128353088
0.154039485
0.208396118
0.233391965
0.295152219
0.355633046
0.416392916
0.545058404
0.65637575
0.104256915
0.146184583
0.144906437
0.191630118
0.227933945
0.334475165
0.350629515
0.460958663
0.626753561
0.660583527
0.097003719
0.133841577
0.118895451
0.211169229
0.222219015
0.267682833
0.371115448
0.420519546
0.541986363
0.748631246
0.103835143
0.116363857
0.138917595
0.203890374
0.210884092
0.301285395
0.391865669
0.482164656
0.549045191
0.685628768
0.109038174
0.136054036
0.16089721
0.166765775
0.248104592
0.307179619
0.424845356
0.434857229
0.607819686
0.62773791
0.114662335
0.123622506
0.142140382
0.195391747
0.233223256
0.281648779
0.335322558
0.371051941
0.580959703
0.716361034
0.104654952
0.118400871
0.155430852
0.191071711
0.241544513
0.277183448
0.359085483
0.457440475
0.493533577
0.644263355
0.11440831
0.112255188
0.150636122
0.193281925
0.242724192
0.301821991
0.382392638
0.392055868
0.563298841
0.6416705
0.116979035
0.13650307
0.155437267
0.18758239
0.221938047
0.315330242
0.366464408
0.498129128
0.514754323
0.641182975
0.104022454
0.114187321
0.154361829
0.177971761
0.232347637
0.334792697
0.381470512
0.432486646
0.589953871
0.678928205
0.094929178
0.126750675
0.172526893
0.193499708
0.260377997
0.300361666
0.358232317
0.487401044
0.543868461
0.666792396
0.118784154
0.108193026
0.145613347
0.204232603
0.247589485
0.349395311
0.342597564
0.431969614
0.580420541
0.646729519
0.105680035
0.140173609
0.128825857
0.221384131
0.262653321
0.296089099
0.400011483
0.453561135
0.538891871
0.600804799
0.101014883
0.128687939
0.13842943
0.179948476
0.261916584
0.305433835
0.350408846
0.466312122
0.532115936
0.666940898
0.101363847
0.120902637
0.170773732
0.200855219
0.23714333
0.287006727
0.38547911
0.446949096
0.541512632
0.560017679
0.099339021
0.119751825
0.168263948
0.190613376
0.248663319
0.334581971
0.369673725
0.474845067
0.513355901
0.679723638
0.111606974
0.123148132
0.154623231
0.207898011
0.245365479
0.31003548
0.31580205
0.438621746
0.564346055
0.739062634
0.104606841
0.119750863
0.172918515
0.207362375
0.231166034
0.276714849
0.409124003
0.498502148
0.446313392
0.675435355
0.114686712
0.138376508
0.142718996
0.205195782
0.253048786
0.323448793
0.36459065
0.477299683
0.538481325
0.652407886
0.11055495
0.123147491
0.177188516
0.191534538
0.246898292
0.307554883
0.417893334
0.399553788
0.565952637
0.615575479
0.093474946
0.134340005
0.13750506
0.203212332
0.250712522
0.29723959
0.411139849
0.425212602
0.50061165
0.618800191
0.102942846
0.140207287
0.166098959
0.203880431
0.239394919
0.301031048
0.407244151
0.433693908
0.570938207
0.658896439
0.09777638
0.126296828
0.180739098
0.182885164
0.234783652
0.2544084
0.391063821
0.38108755
0.517964282
0.680910052
0.109893265
0.129309852
0.16774884
0.176692973
0.210584201
0.317497157
0.402988263
0.484932955
0.572539337
0.62899617
0.097126562
0.115030865
0.150414171
0.199119378
0.275147395
0.33622608
0.358731066
0.420700443
0.555948781
0.647531687
0.115960688
0.125249295
0.16530128
0.209072877
0.238382024
0.29063108
0.404938678
0.428958515
0.615689984
0.664892017
0.082043481
0.130318577
0.145202159
0.201064662
0.260560819
0.306940026
0.414278282
0.478357802
0.562201592
0.683545887
0.099417601
0.138166103
0.156067199
0.198737058
0.237689228
0.324996039
0.390917885
0.476347089
0.570705029
0.72163944
0.102474887
0.144814706
0.141094772
0.200281096
0.222314595
0.294498874
0.372022819
0.419595817
0.539206196
0.684973176
0.102585222
0.120316325
0.124187647
0.197686636
0.24277551
0.284997616
0.357742868
0.420151016
0.588998068
0.682143615
0.096066198
0.130195414
0.16059796
0.190786895
0.227376821
0.276992608
0.389233683
0.464119228
0.559025633
0.622053449
0.109040419
0.140023183
0.162338932
0.200446918
0.255302621
0.299558535
0.396289625
0.499493232
0.602152224
0.673626066
0.103746298
0.135751258
0.170414183
0.200615306
0.221339869
0.278756995
0.391725827
0.485085949
0.532015545
0.60233248
0.11584009
0.120281045
0.159389736
0.196713514
0.266887079
0.304955934
0.418346538
0.477271139
0.562987403
0.578335736
0.100993714
0.13073169
0.154623552
0.220723087
0.250340785
0.267747943
0.364776358
0.421654322
0.520702111
0.695077424
0.111135166
0.12574644
0.168484617
0.217802115
0.268525735
0.285305848
0.399343704
0.502883124
0.545096572
0.722088153
0.115450392
0.125556563
0.156382165
0.192853097
0.262093311
0.334703531
0.386909929
0.460004144
0.451074765
0.667208075
0.093051892
0.122097712
0.14167499
0.215910395
0.252899002
0.282163245
0.41338342
0.452528676
0.468801058
0.725743618
0.103355958
0.139900661
0.150354514
0.203982746
0.243281637
0.280409122
0.374821269
0.49925781
0.515588245
0.702796332
0.120820849
0.137320955
0.142715789
0.223188609
0.276043861
0.386799273
0.455934926
0.521527373
0.642024275
0.636302609
0.098917249
0.14282484
0.170310585
0.220914248
0.244682625
0.302381039
0.401575727
0.497959457
0.563657748
0.59821034
0.111791078
0.138080465
0.167829667
0.219828546
0.240789494
0.285347543
0.365097098
0.406880113
0.618976278
0.694817303
0.097721212
0.121669524
0.142283753
0.166136485
0.243622904
0.329411014
0.344771534
0.45544676
0.534383562
0.593507341
0.109294765
0.118497093
0.16268886
0.191875484
0.262963797
0.288828526
0.363842687
0.51982521
0.532562084
0.661175291
0.108914368
0.110462577
0.140852294
0.212657138
0.270128148
0.319389518
0.372203074
0.42968114
0.522031895
0.624892954
0.115334925
0.125340384
0.1378351
0.198984026
0.249793604
0.319334351
0.359021656
0.463360679
0.627464641
0.619867932
0.112105082
0.130944981
0.144027933
0.187064076
0.258247006
0.290594516
0.392657253
0.468686233
0.5694859
0.655849417
0.100817307
0.136962048
0.170259266
0.19679851
0.254590901
0.296881004
0.430438085
0.525277776
0.600723331
0.685780157
0.106230423
0.121405876
0.139997844
0.204842327
0.242129862
0.290024562
0.425501908
0.449105747
0.533796288
0.681784067
0.116429288
0.130270467
0.162617334
0.194859642
0.253857049
0.331291187
0.369368702
0.436445209
0.577086456
0.700780166
0.109425306
0.146447588
0.151841139
0.208975373
0.247882641
0.268300897
0.375509254
0.464878739
0.470644345
0.605857404
0.10521817
0.119687357
0.170602457
0.171461396
0.252206526
0.329427051
0.346219352
0.483354278
0.549994259
0.665512327
0.122547387
0.137236921
0.156791748
0.201904357
0.236380291
0.319029969
0.344096699
0.441058401
0.46997368
0.648412758
0.097630764
0.129531163
0.170589948
0.213558094
0.23440101
0.285852067
0.344187789
0.456302493
0.486911917
0.690918398
0.102811343
0.130625846
0.164354458
0.189571615
0.264310902
0.290059523
0.416174172
0.486277174
0.520017012
0.656242322
0.111733666
0.134659462
0.139180601
0.208647898
0.230355526
0.315327677
0.388560772
0.481237079
0.556394288
0.679435936
0.10500552
0.130573885
0.159104279
0.202063444
0.265914918
0.320148066
0.348772435
0.463361962
0.556713103
0.671185882
0.104093337
0.137247826
0.179632228
0.221990328
0.247861792
0.323409983
0.335464004
0.477272742
0.591418046
0.668201724
0.104915072
0.142218643
0.170625551
0.194446529
0.267757565
0.307014438
0.359120444
0.43063983
0.555602704
0.665403916
0.095579636
0.12186261
0.155420909
0.185410344
0.238214599
0.274296154
0.373263438
0.489180184
0.459903111
0.668927878
0.111656689
0.121339483
0.165500139
0.176306483
0.244199913
0.317580229
0.37026164
0.483952136
0.577026478
0.683242468
0.103158383
0.14786686
0.162557997
0.199012572
0.283410279
0.305022647
0.379075232
0.469100628
0.559544589
0.708901603
0.113342815
0.127519166
0.138480428
0.191432222
0.266433874
0.29258791
0.365953792
0.470285439
0.525067692
0.637220564
0.099945539
0.123019516
0.165308336
0.191335679
0.259754159
0.317317543
0.360007928
0.477086072
0.585516124
0.602448587
0.111514601
0.114283221
0.168370754
0.201328951
0.246763582
0.327999762
0.333877307
0.486030204
0.543046086
0.633818162
0.119973135
0.137886419
0.145240647
0.191238817
0.220808083
0.337429173
0.384579758
0.481066765
0.533760045
0.678536903
0.109435569
0.137490626
0.144959359
0.207314264
0.250717654
0.284266332
0.341439054
0.458345281
0.59591962
0.665007483
0.11426943
0.130436288
0.155100811
0.201282122
0.231712575
0.313062937
0.368371524
0.478931925
0.568555115
0.680348438
0.107251015
0.119736429
0.145615591
0.193680604
0.242698212
0.296076269
0.354243604
0.398457501
0.560408981
0.646042175
0.095130281
0.12552481
0.156879952
0.194024757
0.219442696
0.324826368
0.388363197
0.398040861
0.571532537
0.647808806
0.095756043
0.141087075
0.155914848
0.204739691
0.244834977
0.321025608
0.392587012
0.517064928
0.447951406
0.685541527
0.123257825
0.14457768
0.163764619
0.184229062
0.261539394
0.308003918
0.412133178
0.449502501
0.58677695
0.626443727
0.098115721
0.110744186
0.145627138
0.203620953
0.256257782
0.291984279
0.396425939
0.438758059
0.595676179
0.6080086
0.102182053
0.128109326
0.159966425
0.217257501
0.248982776
0.285386032
0.325702948
0.450312047
0.559480442
0.696573351
0.111000456
0.141405249
0.170076765
0.186965288
0.237057051
0.329663115
0.431491714
0.472328868
0.635363805
0.724696404
0.16900261
0.120494978
0.246518536
0.284704782
0.305404968
0.331891931
0.343087974
0.524594281
0.603064727
0.815159609
0.121831498
0.220396253
0.239259247
0.259551132
0.352508405
0.400018218
0.483088705
0.547871286
0.566777579
0.593253636
0.102039645
0.130440458
0.145333341
0.192548395
0.219941446
0.316048378
0.363534777
0.47380074
0.546481202
0.720248714
0.112960494
0.134907713
0.17565442
0.205959142
0.400460838
0.29444082
0.410138501
0.464842815
0.602220221
0.717017587
0.108842202
0.119461877
0.160719841
0.192258125
0.252319426
0.317433972
0.372991451
0.474771617
0.622845676
0.665628434
0.110053955
0.118591711
0.148988164
0.178823003
0.25705963
0.322344808
0.413636483
0.405896405
0.542656067
0.647892519
0.113494203
0.103147157
0.162669615
0.207599402
0.231322235
0.323242237
0.371674816
0.454441243
0.526722706
0.669276522
0.101012638
0.132942865
0.168038789
0.176261259
0.242399283
0.297208478
0.384850141
0.447725607
0.486503936
0.742093619
0.10742678
0.146437325
0.151197095
0.187320666
0.270025511
0.327029525
0.34061283
0.4541792
0.502667909
0.647367469
0.103410484
0.10849869
0.14184434
0.22324121
0.262817219
0.313696718
0.327416657
0.470322965
0.480599449
0.663198193
0.104933674
0.122177575
0.155336876
0.208161337
0.243393253
0.314664709
0.378676232
0.485258506
0.61961968
0.707806279
0.101088011
0.120370531
0.137402102
0.188494893
0.245257069
0.307929186
0.401535314
0.423343013
0.5765412
0.701421965
0.112739824
0.139212354
0.156300055
0.202958306
0.251272533
0.345705206
0.383483151
0.436693141
0.491753795
0.717208427
0.101664059
0.127900524
0.163517008
0.185109811
0.256487431
0.284809985
0.349652864
0.481704396
0.534177326
0.725098291
0.108878125
0.132091303
0.16547063
0.199222656
0.200102764
0.320590365
0.40883213
0.474897347
0.513172437
0.69373545
0.097399831
0.134664272
0.152614762
0.227483949
0.233554579
0.283353829
0.409189755
0.51601547
0.624485615
0.689150484
0.108740848
0.136787245
0.159988556
0.211032594
0.239808031
0.310271865
0.389329584
0.4663721
0.615591196
0.697704598
0.099281608
0.129610706
0.171427077
0.196918787
0.246065332
0.312082117
0.364878032
0.421093027
0.526381119
0.633099066
0.111094112
0.135987001
0.155412249
0.193076652
0.261384798
0.345044804
0.382135725
0.469559606
0.572873868
0.698465391
0.094004807
0.123767159
0.146837287
0.196519146
0.262837426
0.332365664
0.36251194
0.469889005
0.504042918
0.621687806
0.114578622
0.12581572
0.161709963
0.217780305
0.220326653
0.35057563
0.360250728
0.520106498
0.571632928
0.634740608
0.119734184
0.1236982
0.174207887
0.214472522
0.260782129
0.324740089
0.394769
0.476368899
0.501951057
0.73513871
0.124226778
0.13602581
0.152190103
0.189713702
0.247447077
0.327238968
0.424773189
0.451572231
0.504930082
0.690980301
0.097280516
0.146106323
0.136893731
0.203358909
0.219355776
0.303831743
0.369137448
0.451781674
0.520016371
0.676908831
0.106273402
0.131992515
0.14579264
0.21042319
0.233973465
0.261825494
0.398850727
0.424554125
0.506125157
0.700769902
0.120988275
0.119730657
0.137972376
0.184044316
0.24608618
0.313619099
0.387615554
0.472122954
0.530553615
0.738302161
0.105396501
0.12253135
0.158271318
0.19982725
0.279321495
0.335923943
0.41832986
0.45088585
0.60169036
0.717922713
0.097934824
0.141767042
0.171440228
0.208280973
0.247975333
0.301192701
0.385008907
0.486331699
0.529000596
0.595397777
0.108310096
0.112695883
0.149468952
0.211524929
0.270225653
0.337014136
0.37050893
0.422763117
0.560540484
0.609697293
0.091384689
0.128803085
0.133535912
0.201111169
0.252326482
0.314901094
0.381365631
0.437317941
0.581587389
0.602696519
0.10367381
0.114797688
0.170640625
0.183109361
0.244486013
0.282114492
0.330461756
0.50691642
0.497456538
0.6100995
0.093536207
0.135137042
0.15309972
0.185781439
0.245833117
0.329563686
0.357254062
0.469590718
0.579529206
0.740217295
0.10366066
0.129069619
0.16041129
0.17320718
0.217800832
0.305649372
0.350062128
0.444518856
0.614003537
0.663336432
0.101955611
0.125515187
0.146167904
0.212113485
0.272603613
0.298899415
0.353471906
0.415196238
0.463154444
0.629659459
0.105103987
0.11542794
0.128819442
0.199102059
0.275236882
0.28264724
0.403637439
0.495036881
0.565456133
0.552526174
0.103661302
0.130670749
0.165365107
0.216597419
0.236489984
0.279578408
0.43427605
0.476865083
0.592941557
0.684280701
0.104945221
0.110949459
0.160971301
0.2062709
0.25936767
0.322560987
0.378869317
0.458852049
0.543031332
0.673880091
0.103728016
0.128985264
0.16897631
0.196972991
0.251584612
0.315338261
0.417698966
0.430758824
0.539333209
0.575268827
0.105282639
0.116765422
0.166471016
0.217088791
0.253200817
0.28850939
0.343622005
0.407762786
0.528907261
0.623888719
0.105952983
0.116524548
0.159796112
0.206011101
0.273290316
0.33987064
0.437027993
0.443915224
0.5704061
0.729919321
0.104440378
0.106044394
0.162234371
0.20303849
0.249639329
0.308503309
0.406547185
0.475010568
0.535790324
0.727372332
0.096405861
0.124247626
0.156097348
0.199864776
0.272061244
0.304233308
0.360381911
0.471639599
0.552636187
0.605172946
0.097578483
0.119738034
0.145022545
0.207771318
0.217128563
0.328769856
0.352399995
0.432341672
0.478650316
0.628905079
0.088409833
0.123293748
0.179585721
0.204290977
0.243019272
0.31358895
0.380477824
0.447709248
0.599622874
0.597978124
0.112832518
0.133988154
0.131931896
0.213025667
0.237384206
0.322308565
0.360122112
0.434311652
0.536788143
0.61250344
0.116617241
0.131513652
0.178949374
0.208370459
0.254451058
0.324080649
0.384830896
0.504831294
0.57827672
0.596878951
0.099520559
0.132577864
0.157228595
0.210454301
0.250810989
0.338996304
0.392182239
0.468607331
0.5750225
0.680825056
0.092711908
0.129764661
0.146877059
0.195898195
0.273172925
0.260394034
0.364518484
0.482933788
0.555418921
0.751724454
0.11797044
0.119893592
0.13678051
0.202678942
0.241981039
0.324191625
0.394039319
0.423446933
0.620781398
0.636262837
0.102375779
0.133139478
0.155996315
0.194070944
0.249653442
0.316615765
0.405329018
0.401775868
0.622105088
0.715206373
0.107107644
0.10652005
0.180900751
0.22448632
0.237061541
0.301489064
0.338813804
0.463814526
0.574021152
0.721984875
0.099444544
0.128427179
0.179128025
0.194420228
0.247666141
0.272341249
0.390787665
0.409944454
0.5975339
0.660789762
0.090167805
0.135842027
0.155456191
0.183214884
0.256883223
0.345614758
0.366824278
0.46340879
0.52298834
0.651975528
0.109470851
0.127980389
0.130581583
0.195809991
0.245414232
0.287410538
0.347547532
0.475511883
0.521870564
0.658894836
0.112421973
0.120999179
0.15788996
0.183216488
0.238230957
0.31814088
0.381850588
0.464508605
0.519620578
0.624746376
0.108810449
0.131960762
0.167745313
0.192776441
0.248183814
0.339010417
0.411429797
0.428126518
0.572201598
0.650648631
0.096256075
0.121934455
0.151280808
0.194252482
0.265463638
0.318402283
0.423953701
0.527015861
0.561257978
0.535044605
0.107930661
0.125055247
0.145231666
0.197711013
0.253677114
0.330211578
0.369629143
0.439763576
0.503361346
0.63356959
0.112187192
0.111188089
0.147377732
0.19991866
0.229503964
0.31036969
0.377293205
0.500942973
0.587466218
0.576979329
0.112304582
0.120158522
0.173085941
0.218189889
0.271958928
0.323040492
0.381674823
0.512286556
0.533413005
0.63293164
0.09729078
0.102500547
0.15528652
0.176885096
0.263235143
0.315661245
0.383938279
0.46093525
0.605273016
0.710378928
0.108330623
0.142018181
0.179183834
0.197468214
0.270747174
0.355341815
0.372796441
0.434186885
0.57912315
0.618841246
0.10135647
0.116801024
0.154901953
0.179279094
0.246481972
0.295390849
0.351919207
0.458079068
0.56794571
0.650963597
0.108439353
0.129246346
0.158657488
0.187910186
0.245495379
0.286279291
0.346123771
0.451030503
0.528550599
0.655196071
0.110826295
0.135368616
0.177042901
0.21230208
0.277639219
0.32446714
0.355156107
0.447752869
0.573158364
0.597480978
0.120481186
0.135301261
0.163419503
0.205094749
0.213813403
0.273414441
0.389723452
0.433113049
0.576545691
0.709458085
0.106237479
0.115749
0.137090344
0.200875746
0.261800155
0.296316183
0.324794935
0.518404656
0.544019209
0.641018757
0.105594717
0.109005458
0.159387491
0.205966518
0.250573321
0.322454502
0.357416356
0.48041342
0.55075858
0.67227832
0.116493756
0.119633152
0.158708166
0.198046186
0.232016635
0.309800057
0.398327601
0.3921569
0.605610755
0.635419293
0.118088472
0.132972053
0.126589343
0.207993591
0.250570756
0.340251998
0.369330855
0.408792359
0.482978692
0.735878334
0.101493105
0.141576202
0.154323019
0.184542103
0.257140777
0.323709233
0.384219889
0.462457799
0.56412314
0.62846246
0.11892111
0.121345578
0.163311093
0.20404946
0.257529513
0.326201698
0.35853766
0.459135582
0.432425064
0.704193793
0.106643856
0.123372009
0.149605908
0.21881533
0.244962309
0.275807156
0.41262391
0.409944455
0.553848902
0.630043704
0.104314006
0.118779985
0.150167843
0.177401487
0.275158622
0.346365929
0.365249127
0.462876043
0.580451973
0.613789604
0.117493821
0.136228197
0.146611166
0.191417789
0.268963223
0.274680079
0.414988078
0.504372316
0.545746389
0.665404879
0.114136965
0.115665928
0.136133258
0.182115391
0.253730036
0.291792476
0.411054212
0.470485901
0.516416715
0.687323874
0.103987494
0.139422759
0.170004599
0.170450748
0.246588778
0.321488756
0.404779912
0.520995588
0.473826079
0.745181054
0.112927457
0.128204586
0.137370029
0.196190388
0.269719526
0.286190446
0.319237488
0.39482513
0.544217104
0.690608885
0.108313944
0.11250312
0.172305582
0.203074413
0.249907466
0.291608052
0.355826131
0.462727219
0.546269194
0.623640788
0.112617944
0.137285354
0.153428477
0.220525833
0.264936664
0.344360667
0.376812737
0.428801994
0.544033962
0.64530672
0.107468156
0.110574194
0.135197341
0.192685671
0.256235651
0.299306434
0.408913599
0.501038554
0.574564163
0.66472427
0.099971518
0.129334229
0.133337696
0.159175803
0.242173483
0.28885226
0.395076269
0.414885442
0.495824938
0.656418729
0.115022525
0.129782622
0.15428421
0.171577184
0.230214722
0.288662063
0.332227745
0.46522706
0.543311978
0.694116489
0.097107638
0.113050621
0.149582173
0.174807348
0.240998294
0.309042472
0.348188048
0.41369582
0.617441219
0.533769988
0.104841943
0.105854517
0.144716239
0.198056128
0.251092277
0.287593038
0.419664455
0.443524244
0.534330319
0.66241142
0.108251401
0.120393944
0.145846524
0.206190074
0.281203914
0.305299445
0.38010705
0.378746153
0.505157486
0.654354451
0.102764516
0.139621938
0.158134683
0.195709921
0.19998377
0.293864772
0.353043077
0.481667831
0.556579034
0.604100714
0.114992056
0.128908287
0.144739974
0.179702149
0.220101816
0.25933303
0.418739444
0.50559337
0.544992011
0.680398794
0.10798647
0.12832807
0.15651463
0.201863944
0.237855371
0.314396571
0.368362864
0.48936493
0.533268673
0.092343378
0.102180129
0.12724333
0.166683345
0.165070669
0.240736571
0.336980779
0.39789268
0.531531228
0.517927075
0.682506692
0.105911608
0.133618342
0.158771351
0.218316581
0.258954878
0.303969019
0.396818203
0.411203356
0.510519604
0.666476147
0.097584898
0.122098994
0.171562429
0.176441194
0.223320112
0.300626917
0.422820529
0.431573501
0.599952274
0.637160265
0.112167305
0.122894748
0.134635727
0.182852129
0.250540285
0.320677927
0.347237377
0.407043047
0.505530506
0.683376858
0.105417349
0.143231537
0.159423093
0.195140288
0.279208275
0.300568863
0.361042633
0.453360031
0.528956976
0.742847997
0.100826609
0.132500566
0.155148281
0.174339069
0.220223055
0.322145309
0.392083772
0.470648836
0.484960219
0.681771237
0.093584639
0.140229418
0.131753565
0.206230166
0.231911753
0.31243942
0.332532126
0.444114404
0.476234509
0.677764563
0.10618552
0.122702304
0.139589543
0.195891139
0.221144218
0.310865553
0.391469236
0.417475411
0.519757534
0.618489395
0.100183527
0.121231716
0.153661013
0.191280513
0.224410626
0.241150646
0.402733917
0.432183547
0.513420048
0.784773741
0.105143438
0.125523206
0.169292558
0.1993455
0.233192144
0.294101478
0.346706233
0.489414966
0.590833017
0.554713936
0.102174997
0.11524159
0.169192808
0.179399051
0.28792789
0.263950711
0.381966696
0.437880517
0.570510983
0.705074543
0.094631211
0.117481953
0.141885074
0.193241512
0.280862968
0.278977664
0.395357878
0.541994703
0.537353286
0.626278226
0.109420815
0.128925286
0.163729658
0.171700989
0.265044112
0.280624979
0.346579862
0.462448818
0.624791921
0.689516448
0.113972746
0.121844327
0.1379217
0.173057074
0.249317628
0.345906951
0.390831606
0.491028284
0.551877319
0.648258482
0.099665854
0.12668396
0.167585585
0.219008737
0.207278983
0.262145271
0.408301949
0.478763537
0.558471074
0.611797172
0.107723785
0.113118939
0.147603213
0.231064681
0.243814384
0.278366976
0.353164958
0.430417236
0.578614458
0.661784375
0.1021503
0.120852923
0.158210057
0.167684372
0.236994186
0.282465061
0.302250819
0.430773257
0.539128898
0.601411637
0.107371292
0.119626095
0.156683659
0.20630971
0.231268991
0.30380448
0.338588003
0.459816191
0.439849856
0.547124926
0.093247222
0.139443607
0.154165857
0.177681492
0.249740361
0.290780545
0.354374144
0.448438931
0.550409295
0.64735945
0.095796136
0.119911553
0.150359324
0.195943099
0.222461173
0.268639277
0.373639986
0.431232236
0.462132569
0.64114577
0.096994417
0.119743486
0.151076176
0.183987225
0.222568941
0.261080096
0.347526684
0.448971037
0.53930787
0.567513675
0.10823793
0.12092541
0.151386331
0.192217071
0.209396503
0.279610482
0.322573496
0.381428174
0.477768926
0.597488035
0.091319258
0.116652843
0.152716757
0.187112186
0.210685875
0.288687401
0.354254188
0.411576696
0.45954677
0.578909859
0.10705376
0.122046393
0.150287479
0.19832587
0.21837688
0.312467966
0.381087871
0.424269949
0.526684539
0.629880768
0.10777831
0.127268989
0.133147818
0.212801791
0.247486848
0.309230745
0.405349224
0.368184854
0.569737038
0.594917952
0.109434287
0.123869474
0.147551894
0.186101858
0.265983877
0.230034146
0.354221794
0.40365957
0.476460309
0.562263815
0.095727498
0.132812003
0.124005788
0.198840015
0.234388181
0.291617353
0.331334808
0.425975641
0.60343903
0.66498022
0.116160829
0.126567533
0.136049545
0.192824872
0.23788103
0.285366787
0.338021258
0.515401575
0.603086217
0.619104893
0.105104308
0.132412363
0.155236485
0.212255573
0.202571815
0.288966764
0.331307865
0.440337058
0.500580858
0.501236129
0.091430554
0.114396763
0.17055563
0.212257818
0.209044332
0.333876345
0.431339362
0.454067262
0.518006939
0.584950019
0.11144468
0.13038016
0.154740942
0.18712694
0.234030556
0.331543609
0.445422379
0.458287869
0.508583622
0.814098605
0.098047083
0.135450083
0.160345218
0.181764501
0.223875954
0.284123282
0.407331071
0.430018558
0.570641203
0.661692323
0.092403035
0.118962485
0.151002406
0.173711703
0.239265982
0.254533488
0.373157273
0.392246387
0.4941247
0.636807452
0.113853431
0.123371688
0.138025619
0.187822624
0.247980787
0.233076357
0.396267173
0.547727275
0.565960014
0.643127939
0.097318685
0.141686857
0.150524185
0.233331345
0.264799708
0.395006027
0.407580928
0.379396613
0.51493522
0.65880599
0.107314843
0.112776389
0.168535293
0.186305527
0.18656725
0.326764274
0.331760428
0.437286508
0.56801531
0.606675288
0.094550705
0.138150707
0.163449012
0.177476219
0.218618718
0.311066977
0.366775205
0.424894108
0.543428086
0.584259788
0.104558731
0.105667205
0.162639786
0.214261155
0.220724049
0.308728789
0.364014603
0.436053907
0.566790729
0.740706101
0.088849567
0.122078146
0.138163858
0.170989268
0.226594539
0.326517305
0.328340066
0.437218511
0.485062856
0.65304359
0.100974791
0.122758434
0.140703791
0.190606318
0.227214528
0.268968355
0.384079083
0.440089127
0.52034609
0.664035964
0.103839954
0.109064154
0.158312053
0.165897213
0.233161353
0.311099692
0.337963204
0.489845719
0.503715764
0.564116405
0.114938813
0.11857375
0.141601541
0.186041559
0.254123583
0.297000639
0.378419961
0.468417454
0.556320518
0.670935384
0.108329661
0.102377704
0.146965903
0.181910118
0.230686209
0.311664515
0.344517509
0.420304972
0.556517453
0.57651073
0.106410037
0.12576376
0.127528467
0.17667405
0.241770634
0.295066903
0.339702251
0.449447655
0.435316849
0.546048846
0.112316128
0.136720852
0.154303775
0.198256269
0.249560106
0.268135716
0.378036999
0.438206709
0.480932055
0.626337242
0.107170188
0.117972364
0.153961546
0.179975739
0.209003277
0.301611265
0.359115953
0.391084028
0.481224569
0.630048194
0.096070368
0.103108347
0.155107547
0.183766556
0.219056527
0.277395457
0.332236084
0.424639441
0.555670701
0.576712474
0.087689774
0.113923674
0.133671585
0.194053624
0.22873419
0.290195516
0.362043018
0.434158339
0.52863367
0.545570624
0.103132082
0.13491477
0.158342202
0.200769582
0.247736383
0.30038091
0.269858086
0.44486333
0.497569759
0.674420858
0.094347357
0.110092443
0.147336357
0.203060942
0.234027349
0.278731656
0.328389781
0.453112742
0.484777718
0.622737586
0.0925958
0.122178217
0.146259315
0.177288266
0.240175919
0.296245299
0.313299964
0.413131319
0.479686946
0.613273535
0.114637318
0.114714936
0.148603597
0.202991342
0.210725006
0.269905555
0.33547523
0.45962471
0.529632132
0.55731481
0.112637509
0.120153711
0.147966288
0.188846103
0.263617784
0.264584492
0.375660322
0.436323649
0.477663723
0.668099088
0.103460839
0.111004947
0.135850045
0.177184346
0.232845746
0.252274843
0.345734072
0.447907786
0.599380396
0.607684976
0.106319909
0.117275077
0.143548106
0.182011791
0.228709493
0.285787277
0.327340001
0.46542624
0.515848686
0.620036
0.108164801
0.11608321
0.157353363
0.191789526
0.223965119
0.281660325
0.341466638
0.436021513
0.4666412
0.574851546
0.107602866
0.111678178
0.137001499
0.161358112
0.248136345
0.262386466
0.323056208
0.462681354
0.464951226
0.662675388
0.081597333
0.115953311
0.125115546
0.16923707
0.239123894
0.27983564
0.318888844
0.445703988
0.550388447
0.591776953
0.109903528
0.118489716
0.167842818
0.180802285
0.217199446
0.272036547
0.322875312
0.441128964
0.437427954
0.592740454
0.09569863
0.106822187
0.13625546
0.193190515
0.234934399
0.307761439
0.348584802
0.410024319
0.48556802
0.62607616
0.105059084
0.124133763
0.15176352
0.194120338
0.228916691
0.281625686
0.340474592
0.465546838
0.475300196
0.643936201
0.10020694
0.133357902
0.162383195
0.208291557
0.220262185
0.288532804
0.311003792
0.427379836
0.435102916
0.655749667
0.10662846
0.134309535
0.160604055
0.185221429
0.214368603
0.278158496
0.367177732
0.44454676
0.477836601
0.56939898
0.100933415
0.112318052
0.141838246
0.155970335
0.245854286
0.29157694
0.346829397
0.365305577
0.531112022
0.635657602
0.107404649
0.119002578
0.14407444
0.167103193
0.236386385
0.302660403
0.374727292
0.449170857
0.50871288
0.597598369
0.112468801
0.120940484
0.135090214
0.210408756
0.221073655
0.272392887
0.340961473
0.437993737
0.503488039
0.552535154
0.087630437
0.120011624
0.145053977
0.17817928
0.207745338
0.293824038
0.337793853
0.434078475
0.515873703
0.578639796
0.097485148
0.120729758
0.149828501
0.165048217
0.250573001
0.247975334
0.381127642
0.494548075
0.523174368
0.612875498
0.097217011
0.11007801
0.133779033
0.188093649
0.212158389
0.290069145
0.372990168
0.484436131
0.476363767
0.592376735
