0.105319203
0.091360954
0.205293928
0.074791568
0.194782343
0.203830396
0.206288862
0.089179607
0.2033897
0.191618251
0.18287458
0.203962219
0.196772209
0.194970617
0.199388799
0.098556097
0.198536275
0.195067801
0.191009488
0.206445704
0.189048489
0.189581236
0.205631026
0.214605628
0.275223091
0.296143625
0.19625165
0.280832819
0.17899524
0.190832119
0.195500157
0.090666874
0.202503176
0.188916024
0.161848523
0.186893442
0.195151835
0.200390147
0.196864582
0.213559378
0.197197188
0.197231508
0.189246385
0.200369299
0.198349604
0.212544558
0.181934815
0.210604407
0.205012641
0.200013599
0.183128606
0.175541199
0.179265944
0.200431202
0.206429666
0.20419668
0.189437866
0.180456848
0.1724172
0.196058244
0.178932054
0.196772209
0.17079907
0.085147274
0.198441015
0.175417715
0.184038863
0.19787459
0.156586796
0.174288713
0.194572901
0.210249029
0.182846676
0.194847133
0.194754439
0.197793122
0.196732117
0.188265243
0.162715159
0.235082581
0.178274218
0.178376533
0.18701404
0.188134702
0.186301678
0.206259674
0.17653517
0.207322925
0.174604
0.199673616
0.191531651
0.16967488
0.164996578
0.181392765
0.174223603
0.204197321
0.196969463
0.161934802
0.189350305
0.180321817
0.191295908
0.178721649
0.186288528
0.20192328
0.177466276
0.181951172
0.184614269
0.179012239
0.200957855
0.187759117
0.152994517
0.206767405
0.203476621
0.207686643
0.188133099
0.194768873
0.168321039
0.17774147
0.197402141
0.207905708
0.185219184
0.174694448
0.187191088
0.196723778
0.177037448
0.196008208
0.187646538
0.078635948
0.207712623
0.190740388
0.200582591
0.191333755
0.206914303
0.212442563
0.159671345
0.206875172
0.180379871
0.197246903
0.17829218
0.212470789
0.204394897
0.178398024
0.204876647
0.212797301
0.142057311
