0.244823751
0.123348273
0.48829719
0.123487795
0.363754804
0.124264304
0.365010819
0.123843174
0.479297569
2.886E-6
0.603670604
3.6564E-5
0.256202615
1.0264E-5
2.566E-6
0.124358281
2.566E-6
1.0905E-5
2.565E-6
2.566E-6
2.245E-6
1.0584E-5
0.595886905
2.566E-6
2.245E-6
2.887E-6
0.477036036
1.0264E-5
2.245E-6
1.0585E-5
2.566E-6
3.207E-6
0.475656858
1.0264E-5
2.566E-6
2.887E-6
2.566E-6
2.565E-6
2.245E-6
2.566E-6
2.245E-6
2.245E-6
2.887E-6
1.0584E-5
2.566E-6
0.128809178
2.566E-6
2.566E-6
2.566E-6
1.0584E-5
2.566E-6
2.245E-6
2.887E-6
0.126107593
2.887E-6
2.246E-6
2.245E-6
1.0264E-5
2.566E-6
2.566E-6
2.245E-6
1.0585E-5
2.245E-6
2.887E-6
2.566E-6
0.127250066
2.566E-6
2.566E-6
2.566E-6
1.0264E-5
2.566E-6
2.246E-6
2.245E-6
2.566E-6
1.315E-5
2.887E-6
2.566E-6
0.12668781
2.566E-6
2.245E-6
2.887E-6
1.0584E-5
2.566E-6
2.566E-6
2.245E-6
2.887E-6
2.566E-6
2.566E-6
2.887E-6
1.0264E-5
2.245E-6
3.528E-6
0.610414145
1.0264E-5
2.566E-6
2.566E-6
2.246E-6
1.283E-5
2.245E-6
2.887E-6
2.566E-6
2.566E-6
2.566E-6
2.245E-6
2.245E-6
2.566E-6
2.566E-6
2.886E-6
2.566E-6
1.0905E-5
0.604227727
2.887E-6
2.566E-6
2.566E-6
2.886E-6
2.887E-6
