0.085655004
0.136798151
0.237746961
0.126831822
0.189680987
0.253834598
0.323175844
0.120177446
0.184350301
0.249502694
0.317614226
0.239262775
0.304968122
0.366001582
0.45171015
0.121128758
0.184019298
0.247163223
0.312214582
0.239317942
0.3036223
0.371683797
0.434804949
0.24151725
0.302100072
0.370708109
0.431103298
0.360518866
0.425553868
0.493867467
0.573691432
0.119217473
0.181199038
0.264953021
0.344025495
0.236689163
0.297591121
0.359952441
0.422549184
0.237596855
0.299020976
0.359932876
0.42513787
0.353513281
0.412429862
0.477589632
0.548610911
0.238637654
0.298634805
0.363325654
0.423359371
0.354017483
0.414049916
0.483578154
0.544551636
0.355272215
0.417737775
0.482155996
0.548559593
0.471052006
0.535063529
0.602832512
0.670133857
0.117902122
0.18092224
0.243835874
0.30475034
0.23627541
0.295280515
0.355460488
0.420019193
0.235384076
0.295442488
0.359268946
0.421159421
0.349719899
0.411499398
0.477667572
0.540049741
0.235811942
0.297444222
0.362300252
0.41919361
0.35672388
0.418960112
0.484312967
0.550556835
0.35697566
0.42115493
0.48066969
0.549313009
0.470605536
0.551881809
0.610430181
0.706975885
0.238864417
0.30934974
0.373932499
0.426944273
0.351372347
0.414724431
0.481550441
0.575155286
0.368588344
0.435390619
0.506958758
0.637966282
0.518993534
0.571475766
0.60824691
0.678504829
0.361239567
0.451065785
0.525025034
0.555944292
0.504206174
0.589116743
0.606762529
0.68635428
0.482912619
0.585253118
0.662166696
0.749560748
0.601024184
0.673992991
0.778061311
0.880847957
0.12285209
0.190445949
0.296900249
0.47745011
0.24118304
0.434560866
0.48323817
0.503426136
0.290494445
0.430954155
0.389227911
0.434095153
0.355340852
0.411165829
0.471692842
0.564081124
0.261545809
0.300991276
0.395716785
0.629205934
0.424748813
0.452950447
0.511620061
0.570888813
0.357483069
0.422781719
0.48541182
0.550121913
0.49579511
0.536668187
0.595575467
0.687984597
0.238198562
0.300549939
0.360181769
0.429999955
0.39504644
0.549911829
0.54507412
0.618876849
0.361641132
0.428820597
0.514171541
0.625129338
0.49927096
0.544781605
0.635281375
0.72093285
0.35605546
0.422722383
0.504570534
0.566150854
0.486822751
0.568879703
0.608691776
0.681508232
0.472087031
0.529274186
0.600485663
0.663578269
0.746662869
0.850591988
0.77787881
0.938421924
0.2526469
0.32567344
0.427323386
0.479890294
0.38779581
0.479566669
0.503733404
0.582317392
0.36696412
0.429417813
0.500254988
0.594810184
0.522095723
0.593439665
0.653944226
0.758476335
0.361319431
0.429592937
0.495690227
0.575972208
0.480890038
0.562596422
0.639859286
0.690289429
0.486745453
0.550400635
0.622506333
0.674822743
0.596034124
0.673744419
0.74804301
0.883382438
0.358247392
0.424910466
0.49039771
0.557669548
0.476492384
0.547500512
0.609554564
0.676539981
0.472004601
0.535752797
0.602009815
0.667665448
0.586155357
0.661059825
0.725814501
0.79772968
0.489648784
0.542160846
0.619418256
0.673491355
0.58879889
0.661159575
0.725750995
0.796005385
0.589252415
0.663477878
0.729517115
0.802341267
0.710966522
0.78388818
0.855490638
0.924521409
0.118980126
0.182447676
0.243944926
0.308845217
0.236643618
0.296617998
0.361867254
0.430770691
0.236125625
0.296589773
0.366196591
0.416557134
0.354331808
0.413792041
0.48393674
0.543118573
0.237514105
0.299854256
0.361756599
0.423016501
0.354125251
0.417333002
0.483811652
0.548457277
0.352138593
0.413119452
0.482969711
0.557646775
0.468826396
0.559733825
0.609850286
0.677434523
0.237930423
0.299690037
0.359985797
0.429929392
0.3537038
0.418058835
0.482383721
0.561411933
0.355084582
0.417687098
0.473252276
0.537650611
0.469717731
0.537818357
0.607237544
0.674108457
0.353437266
0.420259106
0.485373652
0.555949423
0.475445491
0.54187218
0.616192903
0.686496687
0.471649542
0.537981935
0.613984935
0.683663919
0.588463717
0.660900738
0.788142785
0.826980773
0.239066803
0.300252293
0.362888487
0.432480231
0.354507893
0.419062107
0.488506953
0.54239691
0.355457923
0.457573582
0.489106414
0.560745116
0.477306098
0.543025558
0.617109575
0.691091597
0.353994711
0.419677286
0.492268582
0.570841665
0.479665456
0.543397616
0.606467449
0.679194097
0.474432917
0.538735672
0.630097908
0.729563942
0.592450826
0.655741969
0.723678699
0.79707441
0.358910038
0.426458674
0.481833974
0.542975844
0.474977853
0.537386964
0.603188853
0.683296352
0.470982726
0.548201648
0.613966331
0.692398609
0.609144659
0.663527913
0.723424353
0.801806917
0.47103629
0.53807527
0.606772472
0.693970553
0.609161337
0.653362726
0.744420581
0.823027984
0.592321888
0.670989589
0.740163731
0.832238651
0.718178663
0.793211106
0.865871362
0.954685647
0.24006815
0.299586118
0.365319049
0.435538159
0.356447724
0.41728842
0.481983117
0.561855836
0.354783729
0.417787811
0.487732368
0.557507895
0.47047692
0.570871814
0.611766381
0.673393209
0.353775966
0.429530072
0.488256135
0.555472484
0.473612466
0.535507752
0.610597929
0.688223548
0.47941111
0.548495765
0.612904685
0.677396354
0.59010494
0.66755768
0.744132878
0.820506653
0.35866788
0.424163785
0.484885166
0.550668452
0.470435224
0.538762293
0.613165446
0.693504198
0.473298462
0.541926065
0.609981147
0.685345554
0.589059009
0.662691104
0.747614502
0.853503659
0.471446514
0.542774099
0.612889931
0.688299242
0.601316378
0.665520987
0.746664794
0.810467195
0.595547883
0.692293086
0.774874447
0.815138441
0.718728731
0.794030916
0.870375502
0.941883342
0.356796047
0.419260324
0.492955284
0.554198187
0.472350678
0.53673907
0.604684781
0.681869063
0.474315848
0.538572095
0.616530641
0.691300077
0.595963561
0.670241305
0.736646505
0.80348342
0.477164973
0.547651901
0.612022652
0.6754979
0.592007885
0.668477881
0.74321364
0.813694152
0.594607797
0.663662624
0.739903932
0.815777353
0.7203119
0.818332362
0.871400584
0.943640031
0.47373595
0.540844853
0.598134324
0.688856045
0.590881129
0.666020698
0.735686212
0.818370209
0.591694523
0.67261285
0.726099959
0.813394261
0.712342493
0.777441002
0.851996505
0.921847407
0.593053175
0.666375115
0.742592047
0.829896934
0.722516981
0.785529403
0.854958211
0.946619698
0.712018226
0.777003514
0.851995543
0.930367522
0.823795833
0.898786259
0.971877909
1.070944301
0.11940222
0.185558525
0.237963139
0.305569187
0.237749848
0.296566038
0.359848521
0.425756896
0.237140444
0.300696197
0.365161245
0.427730405
0.355139108
0.412534744
0.49943197
0.57278791
0.23736881
0.298338122
0.36021673
0.427389138
0.355736645
0.412236136
0.476396803
0.549908301
0.353105621
0.413615314
0.477675911
0.541518405
0.468349778
0.532232685
0.595256652
0.665041802
0.241226982
0.300689781
0.361591739
0.429387985
0.352025371
0.414779277
0.479153877
0.540479852
0.353813493
0.424957294
0.473869699
0.548588779
0.472195762
0.534656831
0.604232218
0.668229628
0.352287736
0.417213046
0.486663985
0.584896776
0.475593672
0.544747287
0.60348265
0.669239316
0.469828065
0.535894565
0.604026304
0.669461267
0.580709847
0.658517005
0.794564305
0.947989574
0.246516612
0.31382341
0.369579748
0.442108501
0.358304162
0.464027496
0.540143717
0.613529164
0.359169837
0.420517622
0.537422566
0.582961436
0.482550184
0.550468632
0.631301964
0.674088572
0.354923892
0.418617884
0.483134892
0.548147122
0.473701311
0.535796418
0.603059916
0.721043185
0.495852842
0.56547666
0.620770172
0.702377768
0.609595618
0.668418864
0.733466055
0.808615247
0.358884059
0.424999952
0.483002106
0.593626977
0.471180302
0.54011453
0.6113058
0.683972791
0.487535434
0.545238338
0.634203691
0.710682027
0.61727636
0.692533961
0.770485452
0.863836913
0.48513406
0.594057409
0.710555014
0.696896014
0.619546873
0.801822953
0.830512753
0.82391579
0.619512553
0.833443026
0.975012493
0.934652277
0.833706032
0.965161951
1.063244316
1.063998052
0.251230195
0.328613977
0.392696705
0.468741721
0.396950668
0.435141725
0.53777602
0.627550278
0.387324965
0.43190707
0.501191866
0.568130777
0.485535625
0.633507366
0.699850023
0.756522392
0.369407832
0.427283615
0.504605173
0.559462158
0.476310204
0.554991055
0.61121054
0.714062296
0.5114552
0.581562051
0.836182139
0.803129644
0.655750629
0.843316019
0.912042409
0.920141074
0.38959676
0.448895663
0.523250704
0.610597928
0.522773444
0.624186365
0.735263157
0.965792203
0.593727689
0.586830834
0.655609504
0.738120301
0.593898963
0.656921969
0.723458031
0.77603905
0.466989844
0.528518846
0.586388855
0.658931079
0.581596691
0.641439567
0.719179691
0.782011856
0.584230601
0.643406019
0.702889989
0.807608768
0.706733086
0.800452755
0.871988179
0.961554918
0.368132252
0.430442895
0.471469929
0.592366792
0.497143176
0.531572283
0.58967996
0.702668358
0.467577117
0.52236803
0.597862658
0.647631437
0.585337472
0.668219365
0.717342175
0.785545119
0.470131484
0.529904118
0.606012
0.663861482
0.584164529
0.646143528
0.709136384
0.766418479
0.583570841
0.649909647
0.711214454
0.787934947
0.700376035
0.760112105
0.823754778
0.896074408
0.466782005
0.526723347
0.589931741
0.653645939
0.58182185
0.650876997
0.704901023
0.771431632
0.592587782
0.657145203
0.718144665
0.787262356
0.703704986
0.768667502
0.83451654
0.974062464
0.633641435
0.653619317
0.714103993
0.788811847
0.712648799
0.768970279
0.83552302
0.916562908
0.706580413
0.769276907
0.83242051
0.916327485
0.82074881
0.883518432
1.027624625
1.153589489
0.241154815
0.459851792
0.38714952
0.476321429
0.382385901
0.461728118
0.49543075
0.627734061
0.396587912
0.696401755
0.608614157
0.606492467
0.499877477
0.555514501
0.633165138
0.806016297
0.431988538
0.507280139
0.567840187
0.635929268
0.567531636
0.591403613
0.720984169
0.80517147
0.584311107
0.592755207
0.67545492
0.756281196
0.632100283
0.676763215
0.787752446
0.835888663
0.367802533
0.428821559
0.516490164
0.578602591
0.483326694
0.562241685
0.623044212
0.701216692
0.481544026
0.557131989
0.635994057
0.709951062
0.601749375
0.680186465
0.766514059
0.846566711
0.481149196
0.550021842
0.637167642
0.720691013
0.599869203
0.674541776
0.800386362
0.872120644
0.644938511
0.730260908
0.786612539
0.829957553
0.731691726
0.819118172
0.908251593
0.991310855
0.360005362
0.432294203
0.49715376
0.564696943
0.493861372
0.552526494
0.617993853
0.710736872
0.478588413
0.548568252
0.613413377
0.682018527
0.597777983
0.666547031
0.747788984
0.806379695
0.476871818
0.551746456
0.618361741
0.719030868
0.604981785
0.683093324
0.761894452
0.840491269
0.602036437
0.680181334
0.739535724
0.843076107
0.72571411
0.807708518
0.888794912
0.966962901
0.478631072
0.544457338
0.612103799
0.676762895
0.609019892
0.6813732
0.75964575
0.844972638
0.609889095
0.677996779
0.763461584
0.835622129
0.734323712
0.796217395
0.861972777
0.956606554
0.596090574
0.679363448
0.762439709
0.845953137
0.726013038
0.808083783
0.883974523
0.956082786
0.724757024
0.810798518
0.886120589
0.938298441
0.847028576
0.9210029
1.002246778
1.072135206
0.360072077
0.427821815
0.500548784
0.581733647
0.480429136
0.544017926
0.606761888
0.705872543
0.480249522
0.548293059
0.622362001
0.712212273
0.602391175
0.666671157
0.7401849
0.832569974
0.480375573
0.547019403
0.609540772
0.689731984
0.596864839
0.666536126
0.739105291
0.826513135
0.599334851
0.676449532
0.741746579
0.805955357
0.719417679
0.802231575
0.866632796
0.928266681
0.47772755
0.550329431
0.62713492
0.702107384
0.601099237
0.665846216
0.732461821
0.809235878
0.601403619
0.663131479
0.733211388
0.815952156
0.720066855
0.793842962
0.893599906
0.994961829
0.600197639
0.669627089
0.747003174
0.815696206
0.71569967
0.795171785
0.86462561
0.940615781
0.722215807
0.803621659
0.884119177
0.956706624
0.856015688
0.951761789
1.023116957
1.112400803
0.486028281
0.553802395
0.628356295
0.709066463
0.605473158
0.684174536
0.747744402
0.812846438
0.600222977
0.683957395
0.760417769
0.835888662
0.733517695
0.79947835
0.883082868
0.974043861
0.599118031
0.670593155
0.734578058
0.814073266
0.723455143
0.800877093
0.878250611
0.944947684
0.73057427
0.810179492
0.896688945
0.980572827
0.852338093
0.933498578
1.029654904
1.106521334
0.603961193
0.676515926
0.756992596
0.838138327
0.731904697
0.799069087
0.867494943
0.946059687
0.725895649
0.798930207
0.882375958
0.971489814
0.853095678
0.920960562
0.992410348
1.080878876
0.72200412
0.797121879
0.85999542
0.931604935
0.850247835
0.929310366
1.004129196
1.079574751
0.849858457
0.935924328
1.02323114
1.110947855
0.984829357
1.049195618
1.147264512
1.243290618
0.119474386
0.183076004
0.248294148
0.308960683
0.239260209
0.300894092
0.364389867
0.436160393
0.238081171
0.302103921
0.364125578
0.432255714
0.354886365
0.421606531
0.508953755
0.599506126
0.247064755
0.307274558
0.376512847
0.450580186
0.372027629
0.441779102
0.522375407
0.592980367
0.365862701
0.434800138
0.526970637
0.590809282
0.487733972
0.557349771
0.644508721
0.715319594
0.243592433
0.30844269
0.386239583
0.466162657
0.360870717
0.431528278
0.502379564
0.581051755
0.364437658
0.436039474
0.519489396
0.59409269
0.480441966
0.556007157
0.641114017
0.717065378
0.365072721
0.432543737
0.510076343
0.581611124
0.484009548
0.562794319
0.63980059
0.708166148
0.490872724
0.566598285
0.644841007
0.716069483
0.614634752
0.694300272
0.780663468
0.867982146
0.246338281
0.309119128
0.386785161
0.460961871
0.36611384
0.428492801
0.504475915
0.581495659
0.361016653
0.431370474
0.501385273
0.559596228
0.479647175
0.551658575
0.611958824
0.684445561
0.362160088
0.432604678
0.500874656
0.585690927
0.481309886
0.549164507
0.620741626
0.690387254
0.474072085
0.548142952
0.644484344
0.714679078
0.616707689
0.686588098
0.764913571
0.838297413
0.359467483
0.437199587
0.504350506
0.566733316
0.486083768
0.556389157
0.621169492
0.688625755
0.488466539
0.555480503
0.624020543
0.723573175
0.607392141
0.676327011
0.753395185
0.82441935
0.478483212
0.555192158
0.623115417
0.690586754
0.609414722
0.682696569
0.775389554
0.859238475
0.603709733
0.682647497
0.76175012
0.831719053
0.722553225
0.797101352
0.881240542
0.948836647
0.24321364
0.306179233
0.366405072
0.440779037
0.37020551
0.424704551
0.502018412
0.562527143
0.385888694
0.428726941
0.503871001
