0.003194883
0.007240366
0.013882234
0.021723024
0.034436804
0.052908815
0.061005556
0.066807086
0.091665656
0.094429786
0.104035605
0.112523967
0.117108934
0.141647085
0.145930558
0.146013308
0.181430291
0.201216692
0.208288991
0.101988968
0.111014248
0.114337106
0.132834135
0.144155907
0.14440897
0.132132999
0.166369662
0.183532416
0.205061714
0.206083909
0.09190589
0.114691522
0.135945305
0.141216974
0.1327408
0.162651012
0.160156303
0.177439654
0.189991462
0.212676062
0.201619541
0.210380532
0.227361747
0.22870821
0.253612645
0.275429646
0.29331695
0.290607024
0.299599269
0.212077563
0.211060819
0.232797955
0.241634
0.253917989
0.246083614
0.264146362
0.289319577
0.33994056
0.310592604
0.324018746
0.207825844
0.240998936
0.251951537
0.232396711
0.252095549
0.259468381
0.294398482
0.308025408
0.304325682
0.3290582
0.226592294
0.210732062
0.22865208
0.227275469
0.247825869
0.280706448
0.298987939
0.31100764
0.30715396
0.220765104
0.21869377
0.204792934
0.23607591
0.25241693
0.270335667
0.268876303
0.296242091
0.310209321
0.322983401
0.310040291
0.224874736
0.234662091
0.225074876
0.262030446
0.275956621
0.266758462
0.27969195
0.309325363
0.321466946
0.220855232
0.231180146
0.243482098
0.254878603
0.244257967
0.275304558
0.287124439
0.290851108
0.309187125
0.316834509
0.328956205
0.228836185
0.240776663
0.246260342
0.262661982
0.268389741
0.278396163
0.296857911
0.308384636
0.319239412
0.327926312
0.221012715
0.240395625
0.24536612
0.290314831
0.273555246
0.25672991
0.297415034
0.308078651
0.310463988
0.319554057
0.231217353
0.232868518
0.253602062
0.25069007
0.277564807
0.283356395
0.284706386
0.297236704
0.322409278
0.329241343
0.230878652
0.231117603
0.249445282
0.253357338
0.277027889
0.283492067
0.296274486
0.293362816
0.320017846
0.328776912
0.214361546
0.238535659
0.252185036
0.246170855
0.274032827
0.28489049
0.295354286
0.312172886
0.323404852
0.32567344
0.320663814
0.353193825
0.354622076
0.37234003
0.344918112
0.390736667
0.405023033
0.417571632
0.425088797
0.420684726
0.321502547
0.331959286
0.342337444
0.373767319
0.383983824
0.397724933
0.397040796
0.392675536
0.428088991
0.421144667
0.340250074
0.378417076
0.359403656
0.369080999
0.371760454
0.356179265
0.405286039
0.416614226
0.425244355
0.433961405
0.320190083
0.351797326
0.352148856
0.369955013
0.38030238
0.394733078
0.3948123
0.417172312
0.42081174
0.297002884
0.292255624
0.352411863
0.361464406
0.363850384
0.37756455
0.392138939
0.40664501
0.392902619
0.392863168
0.320249099
0.339076168
0.352692189
0.360531376
0.371335796
0.381463136
0.378075167
0.402954585
0.411525057
0.423812896
0.4328834
0.336422693
0.349570434
0.359193251
0.35686276
0.353479924
0.38907588
0.404427098
0.398948873
0.418080645
0.421273604
0.346693724
0.327052619
0.340992585
0.330263538
0.366752112
0.390508942
0.403829241
0.395768744
0.425654581
0.432418649
0.444857557
0.459084906
0.466266898
0.466782325
0.488925196
0.501481815
0.51128617
0.518765809
0.533278294
0.544279649
0.449169895
0.456771093
0.45088585
0.452750948
0.491977671
0.502800053
0.500072487
0.489882924
0.536597624
0.542673066
0.44597886
0.453714128
0.458934479
0.479436448
0.482946939
0.467861613
0.511832069
0.526791024
0.532523916
0.573428747
0.443368365
0.459710026
0.468732099
0.473148998
0.485956755
0.505185711
0.5025425
0.526552394
0.538329295
0.546095033
0.445287347
0.404222147
0.467350995
0.478666354
0.490715562
0.492081591
0.504533969
0.510302784
0.539753377
0.544138203
0.445508978
0.450084643
0.468503091
0.474335092
0.491798057
0.477658911
0.486691248
0.523296571
0.518642644
0.528158014
0.443966222
0.457325651
0.465420146
0.463970084
0.489128225
0.495212647
0.515222923
0.524301125
0.56258231
0.543750108
0.446979246
0.455766858
0.456642477
0.479081711
0.490070877
0.495627683
0.511197646
0.514731551
0.534996174
0.547310634
0.448927417
0.430034274
0.471543057
0.47712905
0.486232912
0.500108089
0.494774517
0.50558888
0.521863507
0.432630017
0.417451034
0.455692767
0.46629865
0.477492448
0.486891068
0.468757758
0.511098218
0.522524551
0.516607554
0.52852943
0.435886803
0.455236356
0.467216606
0.481247021
0.484346003
0.494369744
0.542062058
0.509157425
0.53065112
0.542343987
0.447021264
0.448409423
0.46958719
0.479272551
0.49098306
0.493943482
0.514087186
0.496199882
0.532214723
0.544263291
0.4452928
0.450144942
0.470747945
0.480440041
0.456513219
0.49602123
0.515823989
0.525646947
0.525074107
0.544182465
0.442025109
0.454752682
0.469871685
0.457156622
0.487723066
0.498871639
0.511571949
0.506861894
0.516304135
0.49386041
0.413102132
0.458345923
0.438833753
0.511713716
0.488051503
0.507711211
0.500707551
0.527129404
0.536730411
0.549060908
0.450612901
0.462952058
0.475089471
0.44890721
0.484173766
0.504833539
0.519700763
0.51457471
0.537012019
0.547117228
0.445669027
0.457717915
0.469571152
0.453166946
0.491079923
0.504187571
0.515443272
0.512142865
0.537862298
0.435559648
0.445984313
0.454593594
0.425050629
0.408587086
0.479844428
0.495378149
0.515945549
0.521403567
0.532051788
0.491866375
0.433856844
0.468139693
0.468000172
0.47848225
0.478318031
0.502269872
0.464276711
0.519485547
0.52947978
0.439347898
0.43977833
0.446242188
0.468487695
0.480379101
0.483410086
0.47606997
0.516433072
0.516755415
0.536033444
0.524280598
0.434216713
0.457936659
0.464536189
0.459579486
0.492316693
0.494673484
0.509873635
0.527391127
0.522790123
0.545606547
0.44915867
0.456458372
0.452861924
0.479678606
0.490050671
0.49897588
0.478875796
0.505606842
0.503092567
0.579915056
0.44732789
0.45678264
0.466316291
0.476346127
0.470681231
0.503181733
0.50402688
0.507043432
0.527711866
0.524668051
0.426679984
0.455869495
0.442839786
0.460132119
0.486376603
0.467592512
0.489905055
0.509661627
0.532574593
0.424282138
0.420700443
0.46174672
0.477864185
0.442643815
0.488923272
0.50149689
0.509119577
0.52268043
0.533103492
0.54159859
0.444726374
0.456164896
0.458121405
0.443558243
0.488661228
0.502922896
0.54353842
0.521657914
0.530322362
0.513430312
0.448894701
0.459238219
0.463272798
0.48233593
0.495619024
0.505372702
0.517518454
0.495513179
0.538310692
0.544367531
0.447999517
0.45662676
0.433133257
0.479896068
0.485410537
0.502175894
0.494720954
0.523939011
0.533691085
0.527935101
0.442193497
0.454582369
0.468993501
0.476362805
0.461035
0.497894347
0.513227284
0.513245887
0.535155581
0.542779872
0.444276698
0.454349192
0.466065473
0.465341886
0.529217094
0.5010068
0.511519348
0.516580612
0.534486199
0.547120756
0.447416414
0.457305124
0.466293198
0.478480646
0.479209045
0.503882868
0.496945601
0.529936833
0.531233582
0.543173419
0.439256167
0.457479606
0.468177219
0.47598754
0.490946495
0.496128678
0.508603187
0.523772547
0.534037484
0.539888729
0.444888027
0.456394865
0.452485055
0.504784787
0.497814163
0.500838412
0.499860158
0.527849463
0.533899245
0.545475043
0.438952107
0.474264209
0.471267221
0.479668663
0.492717616
0.486075429
0.514537824
0.525427882
0.530688967
0.543684998
0.445118638
0.444782504
0.467143157
0.4784521
0.488209948
0.501637695
0.51244436
0.526196053
0.52931075
0.543403068
0.441233524
0.453758069
0.467794899
0.479678607
0.489262935
0.499734107
0.513518837
0.511026051
0.534457652
0.536816369
0.444043841
0.457137697
0.449277663
0.476660451
0.473398213
0.482971957
0.511899424
0.523121446
0.537004963
0.579031098
0.449099974
0.453600906
0.469802405
0.483917496
0.493117579
0.494144265
0.518495105
0.529871082
0.538009197
0.511844578
0.444291773
0.462814782
0.474691753
0.47665147
0.497096669
0.492889533
0.521418322
0.516971272
0.53772823
0.552192926
0.45335041
0.467204738
0.476604321
0.481903895
0.508936115
0.534936516
0.539721304
0.493899541
0.509156142
0.544332891
0.424735022
0.458488652
0.471634468
0.481347412
0.491101412
0.502910387
0.51380686
0.548063408
0.530116768
0.546707965
0.442301265
0.457806439
0.468943145
0.483007237
0.491339079
0.503434154
0.51854065
0.527845935
0.538276053
0.546521937
0.554410516
0.569177349
0.580209815
0.590178709
0.603252681
0.616485096
0.628328712
0.64069449
0.654168423
0.656104084
0.55880272
0.565961297
0.581998577
0.587983571
0.603070821
0.595752195
0.625975448
0.637243336
0.646189714
0.651659601
0.585821147
0.563723179
0.577826723
0.591548586
0.583642686
0.614418894
0.621240055
0.642195229
0.656852047
0.65339897
0.557386335
0.571152461
0.577220205
0.589824293
0.600964527
0.617025221
0.6357086
0.629683514
0.653795082
0.655528998
0.557898555
0.564496482
0.581034756
0.594610683
0.60074033
0.613710702
0.624647588
0.634221653
0.64580579
0.650961351
0.553638498
0.569295701
0.580159459
0.616264749
0.599203989
0.608727378
0.625177128
0.634643104
0.649808294
0.658670959
0.557667623
0.57455839
0.582696185
0.599789339
0.606479317
0.620919957
0.629902258
0.63512742
0.647689491
0.650011964
0.552371257
0.567163427
0.574135335
0.576691306
0.584911209
0.612756824
0.647481652
0.66002929
0.648544261
0.65144663
0.55454651
0.567053734
0.57680613
0.588183391
0.597832188
0.610674585
0.620011303
0.629246026
0.641005286
0.64725521
0.554449647
0.569093635
0.577731784
0.594238626
0.605391048
0.619725845
0.632663501
0.644940436
0.656680131
0.657746589
0.556265993
0.568502514
0.575652753
0.58823054
0.598403424
0.609837136
0.62582887
0.634607823
0.643793473
0.660047572
0.556027684
0.566944362
0.575166833
0.586170111
0.598265828
0.606282383
0.62528618
0.635012595
0.67162369
0.659502957
0.542673066
0.569965726
0.581936033
0.595713385
0.602443135
0.61551454
0.6255989
0.650224293
0.662106397
0.623161282
0.557113066
0.5666047
0.577679183
0.589614529
0.59621053
0.612636546
0.619542383
0.631640985
0.65239698
0.656350733
0.555979573
0.568166379
0.580863161
0.595117772
0.602013986
0.60379922
0.622200989
0.637473948
0.648485566
0.648983032
0.553906636
0.592308738
0.558544845
0.592471353
0.603622492
0.616911679
0.625235503
0.636313193
0.652351114
0.664740949
0.559205567
0.569305003
0.583463073
0.595245106
0.611070378
0.616836947
0.628622829
0.640088613
0.655663067
0.547084193
0.554306917
0.565406739
0.576253817
0.589150099
0.599740586
0.614455459
0.624728093
0.635375031
0.650336552
0.653937811
0.571118783
0.575244131
0.581086074
0.581475131
0.598083327
0.641825737
0.621265714
0.635827273
0.649454199
0.659355096
0.55442944
0.568949624
0.578760716
0.593790554
0.581475772
0.615548538
0.628046141
0.642255207
0.657802719
0.662012421
0.56202711
0.573640755
0.585728133
0.599371415
0.607699729
0.617315169
0.634438793
0.63874632
0.656520082
0.540476965
0.555693473
0.546605649
0.582594511
0.592108277
0.604598181
0.615910973
0.628708787
0.639158791
0.678218409
0.545215565
0.555914463
0.565779759
0.578899274
0.590823395
0.600015459
0.613530126
0.623512171
0.639033382
0.647341169
0.652873277
0.554299862
0.56694308
0.581745514
0.58777926
0.599632818
0.616671125
0.62363309
0.635235188
0.633267774
0.654438485
0.557715093
0.568356257
0.583958615
0.595399702
0.604760475
0.611999879
0.596412917
0.638638552
0.648477226
0.65707432
0.55531885
0.595001344
0.57736165
0.592642628
0.606583236
0.615660797
0.626659585
0.642398578
0.651541568
0.654599175
0.562193253
0.576106919
0.589546532
0.5897579
0.598804669
0.606980311
0.623873323
0.632239805
0.644176756
0.654134104
0.552840178
0.566301602
0.560709834
0.590298345
0.604829113
0.610999494
0.619749579
0.6337909
0.65165479
0.656983871
0.556632598
0.565896187
0.582952135
0.594144008
0.605928928
0.639745744
0.624570931
0.631493766
0.650143788
0.667006009
0.561374085
0.574048095
0.582851423
0.594820767
0.608785752
0.618613843
0.63139562
0.643596538
0.655595071
0.654282926
0.675833072
0.679132516
0.685467436
0.69346186
0.715119774
0.728580556
0.740949542
0.761902792
0.181735314
0.765949558
0.663994909
0.673503222
0.687588163
0.699278145
0.712191104
0.725092838
0.759399743
0.741441555
0.750202226
0.767728377
0.664526053
0.679083443
0.6910669
0.701672783
0.711943173
0.726775756
0.738095284
0.754838832
0.760924858
0.768068682
0.664774626
0.678229315
0.687358834
0.704632244
0.714945933
0.730706736
0.738369837
0.757802461
0.769936346
0.770905299
0.670014542
0.67702526
0.690864514
0.709514215
0.717151978
0.756824848
0.733198238
0.733042359
0.762763335
0.769948534
0.672145213
0.677704264
0.697927191
0.701516262
0.71757407
0.730769922
0.742147182
0.754467737
0.764377294
0.769711508
0.669196337
0.676920377
0.694273651
0.70544628
0.713795441
0.730704811
0.74930127
0.753910933
0.769066822
0.765701306
0.668331303
0.676484172
0.689391038
0.699971261
0.714842334
0.764899779
0.754781099
0.811145558
0.811168331
0.77173024
0.673703363
0.684034052
0.692384818
0.710023548
0.7198696
0.737111577
0.741250074
0.761823569
0.766671221
0.775558263
0.669864757
0.6796813
0.700325678
0.710125865
0.714974158
0.726876147
0.739305754
0.752709123
0.762482688
0.765917164
0.670029296
0.680207955
0.691069467
0.702948683
0.716796598
0.753438484
0.731269312
0.747272594
0.762259453
0.767423676
0.693824616
0.681678223
0.671014608
0.716929384
0.731636559
0.739778844
0.741484214
0.75108041
0.765543182
0.769360298
0.670254455
0.686453388
0.694071264
0.704692863
0.704101099
0.732145572
0.749225255
0.756775455
0.767892275
0.770576541
0.644357332
0.682856619
0.689937257
0.704167813
0.741736315
0.724881471
0.731914319
0.746182722
0.759871871
0.772483657
0.667040649
0.683224186
0.690373141
0.719392982
0.746404994
0.729818609
0.752806307
0.759308653
0.772356003
0.77302314
0.672678923
0.681416179
0.698891333
0.720719559
0.727130173
0.736707124
0.747140771
0.755034483
0.773827233
0.765540616
0.667923003
0.677983628
0.697309768
0.705026753
0.734658564
0.723209457
0.734490817
0.746413334
0.757998434
0.765376718
0.668650117
0.677890614
0.688464744
0.707978515
0.709048181
0.737786733
0.737508011
0.731957618
0.766359783
0.770009475
0.671763854
0.683151698
0.693247927
0.704468667
0.71777357
0.734645093
0.747497111
0.761204863
0.76921308
0.769245474
0.676408799
0.685191279
0.699095002
0.708161337
0.745723103
0.735001754
0.739449124
0.749552729
0.757171248
0.773833969
0.679445878
0.678948091
0.694686442
0.700930592
0.7175699
0.728611347
0.738468945
0.751212234
0.765908183
0.763757627
0.669550433
0.677575648
0.690075817
0.700475464
0.714772414
0.727083024
0.739283622
0.750904966
0.764282677
0.762500649
0.667424894
0.677604835
0.694554618
0.700169158
0.733388436
0.70777645
0.74710132
0.757229301
0.769612079
0.774646401
0.65819851
0.683595601
0.696689138
0.709373731
0.719716608
0.734306712
0.747641124
0.758340982
0.769536063
0.65911807
0.66373928
0.67745505
0.696792416
0.705519729
0.720400424
0.730789807
0.742968916
0.752230581
0.77228544
0.76773351
0.667482627
0.671498602
0.688089158
0.731115357
0.712694344
0.728217479
0.736785064
0.751213516
0.758800602
0.770920053
0.672049633
0.680402322
0.685660842
0.702622171
0.694432738
0.730176554
0.739531233
0.7515968
0.762367543
0.764769879
0.668062203
0.679073821
0.687110904
0.705453977
0.712935861
0.725166929
0.740462981
0.751559915
0.765987406
0.765369983
0.667234375
0.685986071
0.693255625
0.733696988
0.722296313
0.728916049
0.742712966
0.759824723
0.739531875
0.770965598
0.675310588
0.685065228
0.695921929
0.710034775
0.723986609
0.785710299
0.791549678
0.763112299
0.773037894
0.770664745
0.667330596
0.677463389
0.690937963
0.702869141
0.719502996
0.727702051
0.74213756
0.751822601
0.763183824
0.77279734
0.671332139
0.682450562
0.689839432
0.733144675
0.71552166
0.719407415
0.731378043
0.748144364
0.764150211
0.767225779
0.668126351
0.678270048
0.689411244
0.701718969
0.713757273
0.72773637
0.740330516
0.753149177
0.763990162
0.767862447
0.664909978
0.678902225
0.688061574
0.70017429
0.715166922
0.725118818
0.738241541
0.747584033
0.766074004
0.763211728
0.665407124
0.675169463
0.688142721
0.73571123
0.713164868
0.727610962
0.738620014
0.748731957
0.755669867
0.765207047
0.668845127
0.681564039
0.692959262
0.705826997
0.723441031
0.72870372
0.739442068
0.755348486
0.766846665
0.771733768
0.66798298
0.680733325
0.69561851
0.703279045
0.719228763
0.728531482
0.735022282
0.748226152
0.760984836
0.653671597
0.664187995
0.677118915
0.688098138
0.728779093
0.709877291
0.72284638
0.737280928
0.750692316
0.764412255
0.770838586
0.670502066
0.683188905
0.7003353
0.705935728
0.718450971
0.725032539
0.734633225
0.751602895
0.764650885
0.769750317
0.667053478
0.676189093
0.691573027
0.703822377
0.713273599
0.727304335
0.739402296
0.752774875
0.768465436
0.766300126
0.669220071
0.679609455
0.693076011
0.728606215
0.716397598
0.723606533
0.741506025
0.747878791
0.761329631
0.769336243
0.664358948
0.680656027
0.689979594
0.702277697
0.718497157
0.729156603
0.740140317
0.754270802
0.765810999
0.765192934
0.669249259
0.682877146
0.695968758
0.700987043
0.713619998
0.713189566
0.736669919
0.754056869
0.765106656
0.736595187
0.666088374
0.68123432
0.689968048
0.730609552
0.692711971
0.720200283
0.732246284
0.747293121
0.754713102
0.764390445
0.667651336
0.678809852
0.689023471
0.69806992
0.71506653
0.731782495
0.738904829
0.749246744
0.76310845
0.77021988
0.665077404
0.678574109
0.688447424
0.703519599
0.7139077
0.724810908
0.742543295
0.75481606
0.762322318
0.769375694
0.669117114
0.676194545
0.692449927
0.70403214
0.740210238
0.71859819
0.732280282
0.74583921
0.757063479
0.757115759
0.670688095
0.67606208
0.69126191
0.700719867
0.711944776
0.726667988
0.738893603
0.749120693
0.762536572
0.769927045
0.662536508
0.673537862
0.685475454
0.696953426
0.705604725
0.72237297
0.73020061
0.741514043
0.754138337
0.762260095
0.664296083
0.67705573
0.679669754
0.728259816
0.70513869
0.720038309
0.72985357
0.743065459
0.752712331
0.762213267
0.662721895
0.678779383
0.692593619
0.699670408
0.713478551
0.729795837
0.741808161
0.734711165
0.76149
0.763916393
0.665177795
0.674936285
0.687280254
0.703973125
0.715422872
0.724350326
0.737192082
0.748018955
0.756140392
0.766017234
0.663929158
0.673725815
0.664068679
0.699020271
0.739947874
0.715919697
0.729296766
0.7404277
0.752060909
0.761988749
0.669975733
0.67904752
0.69260741
0.704981528
0.727058648
0.726049603
0.733399662
0.754477358
0.764636773
0.765224687
0.667389292
0.671424511
0.687100319
0.698842581
0.711936758
0.720963
0.769401353
0.826120871
0.769032823
0.765083242
0.669902605
0.676566603
0.685984146
0.694657576
1.40252287
0.721473617
0.739066161
0.793274933
0.809560145
0.804107578
0.692359158
0.684377564
0.686102178
0.702616718
0.712541351
0.725152175
0.744437581
0.752877832
0.762718111
0.770677895
0.674521249
0.677319378
0.690225922
0.708736743
0.714610119
0.727451233
0.740994125
0.759613356
0.761388646
0.770161184
0.664402248
0.685080304
0.686457558
0.700991212
0.724848435
0.720062365
0.72974099
0.742935559
0.760920688
0.7738824
0.666457545
0.674569039
0.68874539
0.702540062
0.715078719
0.753849672
0.736737595
0.752080475
0.763058736
0.765318343
0.665189983
0.674942059
0.685839493
0.704502986
0.71400745
0.722296955
0.735311268
0.741048329
0.760417449
0.764263753
0.663232512
0.67538949
0.67284699
0.698398678
0.734266299
0.723977627
0.735831507
0.744008752
0.756354325
0.764037952
0.665557551
0.675515861
0.688841612
0.699535378
0.715606977
0.72561436
0.735585179
0.750398839
0.766104475
0.818410301
0.705687796
0.701284368
0.691790167
0.699075758
0.711322864
0.725006559
0.738417306
0.746334753
0.763572881
0.762780976
0.662770968
0.678725819
0.681928079
0.698225799
0.711609925
0.744435656
0.735313513
0.742287345
0.762195305
0.759599564
0.664371136
0.675765717
0.68859368
0.696583615
0.711111816
0.720326654
0.736419101
0.74755709
0.762950326
0.767244382
0.663774561
0.673851225
0.686028409
0.701370968
0.711559569
0.724106244
0.733617765
0.752637277
0.759695786
0.770251312
0.663424315
0.677195893
0.691467824
0.697469496
0.70558965
0.742237309
0.727729314
0.744418657
0.733666838
0.768671672
0.656716696
0.681877723
0.689115524
0.703798321
0.713983716
0.725733033
0.731915281
0.751434827
0.764465819
0.767829089
0.668560952
0.669761158
0.690482514
0.709383994
0.714976403
0.727130494
0.74209009
0.753871803
0.739614947
0.658687958
0.665381464
0.691057278
0.688891005
0.698262363
0.712142352
0.744053335
0.735115938
0.743369839
0.758106843
0.768631258
0.66519736
0.681679185
0.691123671
0.707130802
0.71663687
0.733338722
0.738919904
0.751346945
0.766674107
0.768184148
0.666328607
0.677542612
0.68743934
0.700444673
0.678029814
0.728380736
0.740501469
0.753780392
0.764468384
0.771473328
0.667105117
0.680326948
0.687589446
0.699819873
0.711700052
0.744418016
0.729338462
0.743906116
0.753841333
0.76547743
0.663991381
0.675412583
0.688036877
0.698212649
0.710180711
0.726548352
0.733615199
0.751061166
0.763323345
0.763438491
0.662390251
0.675473523
0.68765199
0.699833985
0.712435828
0.722706218
0.735214084
0.749120373
0.737688907
0.767774884
0.653484286
0.675730114
0.688543003
0.69738001
0.714258268
0.745779553
0.730453031
0.746008561
0.75989753
0.764608548
0.666219236
0.677415599
0.686165364
0.693293793
0.715108227
0.723999117
0.740078094
0.751191707
0.758677759
0.767254004
0.664800606
0.676446646
0.692677332
0.708613579
0.717053511
0.726259687
0.73931698
0.749934088
0.764231678
0.655194147
0.665509439
0.677315208
0.687026869
0.697160624
0.711534551
0.745202864
0.732787051
0.74085749
0.756608671
0.768622277
0.668262344
0.68057937
0.689823715
0.700119764
0.720009763
0.72709425
0.737940688
0.748951985
0.762328091
0.655965524
0.669431759
0.674991131
0.688960606
0.680575522
0.712897693
0.727118306
0.737736377
0.755044105
0.765666666
0.761595524
0.665602133
0.680619784
0.688727108
0.709543402
0.712648157
0.724634181
0.753327509
0.739716941
0.753752488
0.767331944
0.665884063
0.677687907
0.692487133
0.698491691
0.714469315
0.729049477
0.73705224
0.754832417
0.759786876
0.764832102
0.663234116
0.679065803
0.688464102
0.698824298
0.714432109
0.725463613
0.725376371
0.750115947
0.762486858
0.765600273
0.669009346
0.681992547
0.693568345
0.704652129
0.712662911
0.725153137
0.754769552
0.739951722
0.754905225
0.768186393
0.664680008
0.676310973
0.661585517
0.69744095
0.713337426
0.72456426
0.739350015
0.755138081
0.762137252
0.759876041
0.663394806
0.675236817
0.686028408
0.697801461
0.713014442
0.725104385
0.740093489
0.745910736
0.763211408
0.761877453
0.663962515
0.677454729
0.687033285
0.702759127
0.714056844
0.724874094
0.76242303
0.742674156
0.754286198
0.762405069
0.663984325
0.675330474
0.688681883
0.703547183
0.707719359
0.725400106
0.734881798
0.752508661
0.761174072
0.765836016
0.663691811
0.678305009
0.646384083
0.698292513
0.711618906
0.723624815
0.740482546
0.746793089
0.760192931
0.763119997
0.664287103
0.675870278
0.683826213
0.697274808
0.712873637
0.720122343
0.714763753
0.762159703
0.752349254
0.766132059
0.667864307
0.676104738
0.688667451
0.703888449
0.710124902
0.726056659
0.736009196
0.746534573
0.767344132
0.758296721
0.663334187
0.677747244
0.682867844
0.698234779
0.701879018
0.722226392
0.735325701
0.750800726
0.761557355
0.762579551
0.663234116
0.674915758
0.687493224
0.69921111
0.710246462
0.72664265
0.73511273
0.762759806
0.755555363
0.771114421
0.666189086
0.672823576
0.687561221
0.69896414
0.712947728
0.726309402
0.738296066
0.75362291
0.758217819
0.653276768
0.65872324
0.674844233
0.702969852
0.702047407
0.709349675
0.723272001
0.732959288
0.74870277
0.759090871
0.764993434
0.659119032
0.669995619
0.6833868
0.698016036
0.706962735
0.72378358
0.147962119
1.439646186
0.753862823
0.73988982
0.665788162
0.673783228
0.68998184
0.700758997
0.707327736
0.72173085
0.733300233
0.750161171
0.72368351
0.762976306
0.662527527
0.674407707
0.687969522
0.712438715
0.72336694
0.721311644
0.732372334
0.746378053
0.754032814
0.768965469
0.665668205
0.674637998
0.684486936
0.698500352
0.710075829
0.674269148
0.732302093
1.583726399
0.743532775
0.75964158
0.6608321
0.674862516
0.688447103
0.698831355
0.706225996
0.732586588
0.719931823
0.743581528
0.758141162
0.759499172
0.66108805
0.674046876
0.685673992
0.700730131
0.705862279
0.721169877
0.732418521
0.741250716
0.761695273
0.766829345
0.661107615
0.675593801
0.685934432
0.693998136
0.711033235
0.716019768
0.731678897
1.212930088
0.744847806
0.764910363
0.658823631
0.671986447
0.679249586
0.694342289
0.708468926
0.71561756
0.726751381
0.735140956
0.752200752
0.755130705
0.65552547
0.67007452
0.682468524
0.694652444
0.702285074
0.717898016
0.755072971
0.787752446
0.758696683
0.752549716
0.657348873
0.668404752
0.680614011
0.696045414
0.70724723
1.254629389
0.71864598
0.730916499
0.742848318
0.753773336
0.65116053
0.66896348
0.657108639
0.699182243
0.703264612
0.714648929
0.728292853
0.735159237
0.756180804
0.752946791
0.659140201
0.673003831
0.68069163
0.694053302
0.703501317
0.71579493
0.728575104
0.737096182
0.756849546
0.752058986
0.659966104
0.671893112
0.679733902
1.175997932
0.695453971
0.707237288
0.72124942
0.734334938
0.75188771
0.717867867
0.658906382
0.669238354
0.682218027
0.6947028
0.703526976
0.718083083
0.731549317
0.728740925
0.743983414
0.754193184
0.660521624
0.667948019
0.681488345
0.673656857
0.702134969
0.715446607
0.728723285
0.738286444
0.747788022
1.580432728
0.663160988
0.671822228
0.681169852
0.695746164
0.703639876
0.717411455
0.737795072
0.74405109
0.75669527
0.761477171
0.663634719
0.675313474
0.686907875
0.697892551
0.701414589
0.71772161
0.727283166
0.738711424
0.752003177
0.75857416
0.645230063
0.671645501
0.685002043
0.699137661
0.708753742
1.191986459
0.724883074
0.731857228
0.745616938
0.751394093
0.657379343
0.669027948
0.681735955
0.690468722
0.702950288
0.715016816
0.72528464
0.735712513
0.751427129
0.75429582
0.658395124
0.668166123
0.680237142
0.690504324
0.693235739
0.719246404
0.734668186
0.743332314
0.751809771
0.76034881
1.147018184
0.670321489
0.682476863
0.69283674
0.703848357
0.714797751
0.725695827
0.738799627
0.751334436
0.757465044
0.658356635
0.668988498
0.67903854
0.694291292
0.699767913
0.714730397
0.726299779
0.740513337
0.750761274
0.758740624
0.658393841
0.670804844
0.681817424
0.689829809
1.192913717
0.757270356
0.727584982
0.749895279
0.744118445
0.793721723
0.677787977
0.678126678
0.678697594
0.692117001
0.702866896
0.71157304
0.727625394
0.738543036
0.750334691
0.754358044
0.656421936
0.666649026
0.680343307
0.679030521
0.700599269
0.7114518
1.265811961
0.727374897
0.740182014
0.753429824
0.654493652
0.668556783
0.677514707
0.700134518
0.729420892
0.71786883
0.725317997
0.743603979
0.748362786
0.75003897
0.656919403
0.669665899
0.678386156
0.691199686
0.711004689
0.712586254
0.723583439
0.720161152
1.233564843
0.761362346
0.65778155
0.668955461
0.6825362
0.693349601
0.704492081
0.717555467
0.726888016
0.737217421
0.754846851
0.750444384
0.658140136
0.671458831
0.680243878
0.694782664
0.706051836
0.718491064
0.729062947
0.73899175
0.754419946
1.277423681
0.657217048
0.672299488
0.682084279
0.677406619
0.702416577
0.715117207
0.728239931
0.741467536
0.757819461
0.759416742
0.663712338
0.68253171
0.678515734
0.693587589
0.708906414
0.72358376
0.732556438
0.744775319
0.755654792
0.755593852
1.153810798
0.668152009
0.678495527
0.689292571
0.703619028
0.71219367
0.71984779
0.739194137
0.753045579
0.754584806
0.660181
0.667839289
0.681280827
0.694536978
0.70200988
0.714190593
0.723768505
0.738081492
0.749944672
0.753488199
1.169346443
0.671083245
0.67726421
0.690330804
0.702166401
0.717410814
0.716429352
0.739014522
0.749525787
0.755870008
0.657875206
0.669382045
0.682356907
0.695647376
0.686721205
0.716027145
0.73028753
0.743126399
0.750879948
1.26796412
0.659422773
0.67004405
0.681536136
0.693193722
0.702822633
0.717220936
0.726448282
0.739858387
0.75267256
0.760655758
0.658910873
0.66892435
0.672346958
0.69224273
0.698348963
0.713735464
0.728758887
0.744990855
1.274891446
0.75463869
0.656134875
0.669499756
0.678219372
0.689658214
0.703026302
0.711595813
0.726346286
0.736720275
0.747792192
0.751101258
0.657902468
0.666626253
0.679470896
0.694063567
0.705339474
0.717813342
1.244283625
0.729658239
0.741151287
0.755221474
0.658903816
0.664631897
0.68188959
0.687945787
0.703250499
0.71576061
0.724643803
0.739175534
0.746561194
0.753111972
0.713729049
0.701863623
0.690453647
1.254904262
0.69803496
0.709827256
0.719621348
0.733560673
0.746740488
0.752878474
0.655251559
0.676632995
0.68498761
0.6942079
0.707046127
0.731627258
0.725608907
0.739787824
0.7526469
0.754912602
1.184013846
0.670543442
0.678798627
0.691577197
0.702738599
0.715119453
0.727654261
0.733954541
0.751225705
0.758878221
0.659780717
0.666376718
0.685857455
0.695708317
0.705488617
0.715311255
1.253372092
0.746959874
0.737334169
0.780454347
0.680352287
0.689985368
0.684682587
0.693186987
0.70448759
0.718118365
0.729573244
0.739071935
0.759093437
0.758697325
0.657483904
1.207627948
0.677821014
0.671522658
0.699574186
0.708230937
0.720996036
0.735448224
0.745426099
0.754529639
0.656826389
0.669047193
0.678709782
0.689186086
0.701528771
0.711973002
0.729234222
1.272247913
0.705124578
0.671577183
0.659639913
0.666969765
0.679474424
0.675842052
0.700629418
0.716618588
0.755717016
0.772161635
0.75422205
0.761426494
1.338563307
0.666762247
0.6786482
0.692568601
0.702866253
0.716425823
0.725305809
0.739186759
0.748600455
0.754721442
0.661738509
0.65143797
0.679408031
0.689912881
1.265561143
0.709953627
0.721898917
0.73194062
0.737301134
0.750826064
0.654970912
0.666327004
0.680337213
0.687310724
0.699502982
0.713298296
0.702677018
0.719259234
1.277901904
0.75436959
0.655725291
0.672174079
0.687733458
0.689399057
0.701446662
0.713395159
0.726125939
0.736510833
0.744572291
0.746002467
0.656048275
1.267464409
0.679500083
0.685231371
0.700735904
0.707790562
0.727937795
0.734003935
0.747479792
0.749356757
0.6556342
0.665889516
0.677694001
1.245440532
0.695564305
0.692471738
0.723379128
0.734057819
0.741377408
0.756012096
0.627277649
0.669399043
0.681512401
0.69198229
0.703674196
1.257720674
0.719731682
0.730306132
0.738051984
0.751537784
0.657137826
0.667236941
0.680230727
0.691120464
0.689298986
0.714049467
0.711610887
1.282324577
0.743678391
0.760542857
0.65559475
0.670011014
0.668478522
0.694999804
0.701526526
0.714634816
0.726430962
0.738691538
1.288019301
0.756124355
0.657565371
0.665895609
0.678189863
0.692974978
0.702969532
0.716087764
0.723603326
0.742434564
0.751479409
1.345480368
0.653605526
0.6692499
0.679883046
0.689612669
0.702421389
0.713423704
0.728175783
0.737317812
0.745987713
1.300981013
0.65340378
0.668163556
0.678789325
0.690858741
0.701631087
0.716875821
0.72851737
0.737409543
0.749026396
1.306565403
0.65521275
0.665975795
0.679519328
0.69336179
0.704394897
0.713106815
0.712982047
0.736031648
0.74880669
1.342062892
0.654858011
0.665385635
0.674656601
0.690151511
0.701530054
0.714147292
0.724218182
0.734243527
0.737987515
1.388458136
0.658383256
0.669564866
0.67748103
0.693386165
0.702510233
0.71854623
0.724754779
0.737910217
1.306856634
0.751684041
0.654309227
0.66831719
0.676820949
0.696167295
0.703802492
0.714205667
0.722878134
1.357709191
0.740381192
0.753691547
0.65711762
0.666168238
0.677326754
0.693111292
0.705902692
1.278546269
0.719916749
0.730358093
0.74528754
0.754935053
0.656017805
0.667518871
0.679813125
1.261987146
0.696818075
0.706208035
0.716907573
0.7284436
0.743739332
0.757221604
0.657452792
1.228450978
0.675332077
0.687476225
0.704755728
0.709706658
0.718911873
0.736080401
0.743673901
1.340837668
0.662719009
0.668215195
0.679341959
0.668827808
0.68647584
0.709946892
1.282305333
0.731310047
0.737314605
0.753737734
0.655825682
0.663659737
0.677250419
1.257770388
0.690996658
0.711597737
0.719616858
0.734633867
0.746254568
1.378497902
0.657144882
0.671663142
0.68371203
0.691573348
0.704534739
0.718741561
1.282127001
0.727609358
0.740791738
0.754099528
0.660096645
0.670116858
0.68170292
1.294533514
0.700547309
0.71995203
0.723333583
0.734059743
0.745576846
0.755592569
0.655786873
0.669411553
0.675883107
0.689286798
1.575258243
0.712336398
0.72524134
0.73609323
0.747389343
0.754852303
1.268751535
0.668358245
0.680494374
0.692455701
0.702551608
1.296712295
0.716293037
0.727763313
0.74303595
0.753040127
1.265917805
0.667159001
0.677551914
0.693989476
0.700347809
0.711601906
1.341465675
0.728792885
0.741378691
0.754750307
1.684830127
0.776540687
0.787262677
0.804463278
1.38746192
0.819292655
0.834510125
0.842824969
0.853235841
1.573340865
0.766394103
0.755031275
0.788699909
1.377152401
0.808340053
0.819606979
0.83391355
1.434491587
0.849641318
0.86757994
0.766464023
1.388946301
0.766880664
0.797701455
1.424959218
0.817409916
0.83055926
0.843792959
1.430690827
0.864279854
0.766303974
0.77477149
1.389063371
0.794461347
0.81061666
1.404487398
0.828470607
0.839060131
1.440664854
0.862436245
0.768464794
1.409639752
0.784153752
0.800531658
1.398067803
0.811243704
0.829918744
1.429805267
0.851273239
0.862070282
1.394184613
0.773136361
0.788723324
1.377547872
0.804426393
0.817850611
1.426237364
0.835957621
1.442399732
0.862073489
0.763987276
1.386396104
0.803785236
1.399094169
0.805884153
0.822107462
1.446503269
0.840233395
1.446565172
0.861497441
1.36889946
0.772290571
1.377967078
0.795819999
1.413379571
0.816477206
1.415002832
0.83799207
1.456928576
0.862433679
1.389974591
0.774419639
1.372148228
0.797224194
1.403854259
0.81419226
0.825869091
1.441249562
0.84989053