2000
4000
6000
8000
10000
12000
14000
16000
18000
20000
22000
1000
3000
5000
7000
9000
11000
13000
15000
17000
19000
21000
23000
2000
4000
6000
8000
10000
12000
14000
16000
18000
20000
22000
24000
3000
5000
7000
9000
11000
13000
15000
17000
19000
21000
23000
25000
4000
6000
8000
10000
12000
14000
16000
18000
20000
22000
24000
26000
5000
7000
9000
11000
13000
15000
17000
19000
21000
23000
25000
27000
6000
8000
10000
12000
14000
16000
18000
20000
22000
24000
26000
28000
7000
9000
11000
13000
15000
17000
19000
21000
23000
25000
27000
29000
8000
10000
12000
14000
16000
18000
20000
22000
24000
26000
28000
30000
9000
11000
13000
15000
17000
19000
21000
23000
25000
27000
29000
31000
10000
12000
14000
16000
18000
20000
22000
24000
26000
28000
30000
32000
11000
13000
15000
17000
19000
21000
23000
25000
27000
29000
31000
33000
12000
14000
16000
18000
20000
22000
24000
26000
28000
30000
32000
34000
13000
15000
17000
19000
21000
23000
25000
27000
29000
31000
33000
35000
14000
16000
18000
20000
22000
24000
26000
28000
30000
32000
34000
36000
15000
17000
19000
21000
23000
25000
27000
29000
31000
33000
35000
37000
16000
18000
20000
22000
24000
26000
28000
30000
32000
34000
36000
38000
17000
19000
21000
23000
25000
27000
29000
31000
33000
35000
37000
39000
18000
20000
22000
24000
26000
28000
30000
32000
34000
36000
38000
40000
19000
21000
23000
25000
27000
29000
31000
33000
35000
37000
39000
41000
20000
22000
24000
26000
28000
30000
32000
34000
36000
38000
40000
42000
21000
23000
25000
27000
29000
31000
33000
35000
37000
39000
41000
43000
22000
24000
26000
28000
30000
32000
34000
36000
38000
40000
42000
44000
23000
25000
27000
29000
31000
33000
35000
37000
39000
41000
43000
45000
1000
3000
5000
