0.089798313
0.31137168
0.315941892
0.321300482
0.21001585
0.421512234
0.429543223
0.426325567
0.389008204
0.423604416
0.392840396
0.527712507
0.631158593
0.625122281
0.734473497
0.500948426
0.527632644
0.730428334
0.642503138
0.527933497
0.528433208
0.530375605
0.627479715
0.528977182
0.620759267
0.52695428
0.6009873
0.625839776
0.728351227
0.617243323
0.62835854
0.837951336
0.625762478
0.630685503
0.738929848
0.735360662
0.638891294
0.749164314
0.849593848
0.955566397
0.85282754
0.637827403
1.029211321
0.533316462
0.632712895
0.736786668
0.737874615
0.738964167
0.578669946
0.845259058
0.737962819
0.876099735
0.961280686
1.069843524
0.743171302
0.855512128
0.953887968
0.847837801
0.741196191
0.739721111
0.843487936
0.739112027
0.840892835
1.052954361
1.171225012
0.744057184
0.751745944
0.962453309
0.856502249
0.741565682
0.844772496
0.84660937
0.84687815
1.15642322
0.855424566
0.743883665
0.848902013
0.988123027
1.066394936
0.963262534
0.849730804
1.186869707
0.964340217
0.848462601
1.180793624
0.850320964
0.737903482
0.737544895
0.736975263
0.845987777
0.74215969
0.847026331
0.956471202
0.84453964
0.723760808
0.768518038
0.637731822
0.845784107
1.067357154
0.852013825
0.735218253
0.854221793
0.94167422
1.059711052
0.739218192
0.847646961
1.066187097
0.849521361
0.848861279
1.191936104
0.858616883
0.740275027
0.847762107
0.955934284
1.075034688
0.744663702
0.851628938
1.060871808
0.846200107
0.728028884
0.845098047
0.736278938
0.838180665
1.057620795
0.860075284
0.750038007
0.854353939
1.081902676
1.186617606
1.069910879
0.8544152
0.855486147
0.742438413
0.853562675
1.063025251
0.955098759
0.848819905
0.953107289
1.086248371
1.187925902
1.080067407
0.96105232
1.293537298
0.964237902
1.061659222
1.067979067
1.074664555
0.955057384
1.292651737
1.190664694
0.847361182
0.991999802
1.304616913
1.424277968
0.862054565
0.967529647
0.96104815
0.846815285
0.957504623
1.294979662
0.957838193
0.844881228
0.964022044
1.290185573
1.404270258
0.855375172
0.849800725
0.958456577
0.957345537
1.293141185
1.421528913
0.848538295
0.955618357
1.404619542
0.848478638
0.847355088
0.850347585
0.851519566
0.988755525
0.960226096
0.957744857
1.068827743
0.852470237
0.961645366
1.06605367
0.957896887
0.845889631
0.948590319
0.962051743
1.070530868
0.965289926
0.96234522
0.98608441
0.740798795
1.190345558
1.296350501
1.191508558
1.076913257
1.403493106
1.077528436
0.958314169
1.074887148
1.174190887
1.296716465
1.066478008
1.193179289
1.298400025
1.181787274
1.064053541
1.402765349
1.067729532
0.958887009
1.062013639
1.292087236
1.401704024
1.069995554
1.07022809
0.980452871
1.08058091
1.457339443
1.556651201
0.969388011
1.078685342
1.200747771
1.075832046
0.963562745
1.074080168
1.072798174
0.986842637
1.097755852
1.315546741
1.442786544
0.978821592
1.081619784
1.31191854
1.088477188
0.979919802
1.079446135
1.320791148
0.995427222
1.44469879
1.437403898
0.420260068
1.13748357
1.221523652
1.326838686
1.20651851
1.083382888
1.408186803
1.316728986
0.956859617
0.955339955
1.073207758
0.965958346
1.070578017
1.300348836
1.448131342
1.310841177
1.080057785
1.534353092
1.418034779
0.966251822
1.073746599
1.076932501
1.088493226
1.650360607
0.969060856
0.966983749
1.09945128
1.196151579
1.305020402
0.964051872
1.072483849
1.305046061
1.100142473
1.082942192
1.404888322
1.077551528
0.963331171
1.068789896
1.302352814
1.445389983
0.962253809
1.08655596
1.415653291
1.083416886
0.969706825
1.091800367
1.079184732
1.186203532
