2020
3020
3020
3020
5020
3020
4020
3020
5020
5020
3020
3020
5020
4020
5020
3020
5020
5020
5020
5020
7020
3020
4020
3020
5020
5020
4020
4020
6020
5020
6020
3020
5020
5020
5020
5020
7020
5020
6020
5020
7020
7020
3020
3020
5020
4020
5020
3020
5020
5020
5020
5020
7020
4020
5020
4020
6020
6020
5020
5020
7020
6020
7020
3020
5020
5020
5020
5020
7020
5020
6020
5020
7020
7020
5020
5020
7020
6020
7020
5020
7020
7020
7020
7020
9020
3020
4020
3020
5020
5020
4020
4020
6020
5020
6020
3020
5020
5020
5020
5020
7020
5020
6020
5020
7020
7020
4020
4020
6020
5020
6020
4020
6020
6020
6020
6020
8020
5020
6020
5020
7020
7020
6020
6020
8020
7020
8020
3020
5020
5020
5020
5020
7020
5020
6020
5020
7020
7020
5020
5020
7020
6020
7020
5020
7020
7020
7020
7020
9020
5020
6020
5020
7020
7020
6020
6020
8020
7020
8020
5020
7020
7020
7020
7020
9020
7020
8020
7020
9020
9020
3020
3020
5020
4020
5020
3020
5020
5020
5020
5020
7020
4020
5020
4020
6020
6020
5020
5020
7020
6020
7020
3020
5020
