0.242936521
0.122141652
0.243356048
0.123005083
0.471271711
0.12244892
0.358623298
6.41E-7
0.472266003
6.41E-7
0.238498132
6.41E-7
0.463801696
6.41E-7
0.469216094
6.42E-7
0.462862251
9.63E-7
0.470419828
9.63E-7
3.21E-7
0.12302561
3.21E-7
6.42E-7
6.41E-7
8.34E-6
0.356024348
9.62E-7
3.21E-7
3.21E-7
3.21E-7
6.42E-7
0.471179659
6.42E-7
3.2E-7
6.42E-7
3.21E-7
8.66E-6
0.577602526
6.42E-7
6.42E-7
6.41E-7
3.21E-7
9.62E-7
3.21E-7
0.123382272
6.41E-7
6.41E-7
3.21E-7
6.42E-7
3.21E-7
9.62E-7
6.41E-7
9.62E-7
3.21E-7
0.125207598
6.42E-7
6.42E-7
3.2E-7
9.63E-7
3.21E-7
6.42E-7
6.42E-7
9.62E-7
3.21E-7
8.981E-6
3.21E-7
6.42E-7
6.41E-7
8.339E-6
3.21E-7
1.283E-6
6.42E-7
8.66E-6
3.21E-7
6.42E-7
3.2E-7
0.128423972
6.41E-7
6.41E-7
6.42E-7
6.41E-7
6.41E-7
6.42E-7
3.2E-7
6.41E-7
6.41E-7
9.62E-7
3.2E-7
9.62E-7
3.2E-7
0.124811807
3.2E-7
6.41E-7
3.21E-7
6.42E-7
3.21E-7
9.62E-7
6.42E-7
6.41E-7
6.42E-7
8.66E-6
6.41E-7
6.42E-7
3.21E-7
6.42E-7
6.42E-7
6.41E-7
3.21E-7
3.21E-7
0.581648972
6.42E-7
6.41E-7
6.42E-7
6.42E-7
6.42E-7
9.62E-7
3.21E-7
3.21E-7
1.283E-6
3.21E-7
8.66E-6
6.42E-7
9.62E-7
3.2E-7
6.41E-7
3.21E-7
9.62E-7
3.21E-7
8.34E-6
0.473654162
6.42E-7
3.21E-7
6.41E-7
3.21E-7
9.62E-7
3.21E-7
8.66E-6
3.21E-7
6.42E-7
6.41E-7
3.21E-7
6.41E-7
6.41E-7
6.42E-7
6.42E-7
3.21E-7
9.62E-7
6.42E-7
8.339E-6
6.41E-7
9.62E-7
3.21E-7
6.41E-7
3.2E-7
6.42E-7
3.21E-7
0.129062242
3.21E-7
6.41E-7
3.21E-7
8.34E-6
3.2E-7
3.21E-7
6.41E-7
8.339E-6
3.21E-7
9.62E-7
3.21E-7
8.66E-6
3.2E-7
6.41E-7
3.2E-7
9.62E-7
3.21E-7
6.42E-7
3.21E-7
6.42E-7
6.42E-7
9.62E-7
3.21E-7
6.42E-7
3.21E-7
9.62E-7
0.58141836
8.66E-6
6.42E-7
9.62E-7
6.42E-7
6.42E-7
6.41E-7
9.62E-7
6.42E-7
