2000
3000
5000
3000
4000
5000
4000
3000
5000
4000
6000
5000
3000
4000
5000
3000
5000
6000
8000
5000
6000
7000
7000
6000
8000
3000
5000
4000
4000
5000
6000
3000
5000
6000
8000
6000
7000
8000
6000
4000
6000
5000
7000
6000
5000
6000
7000
5000
7000
8000
10000
3000
4000
5000
5000
4000
6000
4000
6000
5000
5000
6000
7000
3000
5000
6000
8000
6000
7000
8000
7000
6000
8000
7000
9000
8000
5000
5000
6000
4000
6000
7000
9000
5000
6000
7000
7000
6000
8000
5000
7000
6000
6000
7000
8000
5000
8000
8000
10000
8000
9000
10000
5000
3000
5000
4000
6000
5000
4000
5000
6000
4000
6000
7000
9000
4000
