0.223429485
0.192766177
0.428126517
0.194176787
0.320016242
0.412239985
0.27415535
0.207101614
0.420923677
0.302403812
0.455861797
0.410253326
0.201090641
0.294018086
0.393285903
0.195878951
0.404036438
0.39843954
0.619003861
0.189807999
0.400098724
0.515783896
0.526810268
0.424107656
0.631370923
0.177981383
0.395698823
0.298054268
0.299126819
0.384484819
0.496911282
0.199900699
0.402260505
0.415106431
0.626312865
0.413311574
0.525203044
0.612056971
0.420564771
0.314606013
0.52568736
0.415063772
0.607234658
0.501078646
0.414567269
0.518342433
0.627753305
0.421659774
0.631039599
0.619675489
0.842878211
0.186881896
0.269491802
0.411216506
0.35590375
0.290347868
0.478977791
0.295862336
0.489455699
0.410314587
0.365784442
0.503319009
0.624811486
0.207457314
0.405372638
0.390169921
0.590390718
0.411748612
0.5299224
0.618203937
0.524149415
0.415004115
0.62706532
0.508554114
0.739686791
0.596949513
0.310551229
0.416462837
0.526202788
0.311704607
0.497103083
0.518133952
0.709595683
0.418801667
0.493070429
0.621745219
0.618073397
0.522004633
0.724165902
0.406958051
0.635342956
0.522170776
0.529979171
0.61453436
0.73483914
0.419268984
0.174851289
0.62702202
0.840215434
0.628407613
0.733286762
0.862639593
0.247932996
0.19368734
0.403948877
0.275299747
0.51237508
0.357764999
0.277678028
0.378868997
0.487897548
0.288163954
0.505752458
0.44485467
0.644012537
0.288799338
