9.62E-7
0.241398577
0.417419602
0.121788519
0.185348121
3.21E-7
0.302825584
9.62E-7
0.184819863
3.2E-7
0.525230628
6.42E-7
0.180803567
6.41E-7
0.412115538
8.66E-6
0.183838402
6.41E-7
0.64775428
6.42E-7
3.21E-7
0.586975488
6.42E-7
9.63E-7
0.188195322
3.21E-7
3.2E-7
8.34E-6
3.21E-7
0.464517586
6.42E-7
9.62E-7
3.21E-7
3.21E-7
6.42E-7
6.41E-7
0.187100319
3.2E-7
3.21E-7
9.63E-7
6.41E-7
3.21E-7
3.21E-7
0.127535203
3.2E-7
3.21E-7
6.41E-7
3.2E-7
3.21E-7
0.699480531
6.42E-7
9.62E-7
6.41E-7
3.21E-7
3.21E-7
9.62E-7
6.42E-7
6.42E-7
3.21E-7
9.62E-7
3.2E-7
0.581163694
3.2E-7
9.62E-7
3.21E-7
0.0
3.2E-7
6.41E-7
3.2E-7
3.21E-7
6.42E-7
6.41E-7
0.190616262
6.41E-7
3.21E-7
6.41E-7
3.2E-7
6.41E-7
3.21E-7
9.62E-7
3.21E-7
3.2E-7
6.42E-7
0.125851322
6.41E-7
3.2E-7
6.41E-7
9.62E-7
6.41E-7
6.41E-7
1.604E-6
8.339E-6
3.2E-7
3.21E-7
3.21E-7
3.21E-7
6.42E-7
6.41E-7
3.21E-7
6.41E-7
0.192634995
3.2E-7
6.41E-7
6.42E-7
6.42E-7
3.21E-7
3.21E-7
9.62E-7
3.21E-7
9.62E-7
3.2E-7
6.42E-7
6.42E-7
3.2E-7
6.42E-7
8.339E-6
3.2E-7
3.21E-7
3.21E-7
9.62E-7
3.21E-7
3.21E-7
0.64727253
6.41E-7
6.42E-7
3.21E-7
3.2E-7
6.42E-7
6.42E-7
3.21E-7
3.2E-7
6.42E-7
3.21E-7
0.0
6.42E-7
6.41E-7
3.2E-7
0.0
3.21E-7
6.42E-7
6.42E-7
6.41E-7
3.21E-7
6.42E-7
6.41E-7
0.0
3.21E-7
8.981E-6
0.190549869
6.42E-7
6.42E-7
9.62E-7
6.41E-7
3.21E-7
3.21E-7
6.42E-7
3.2E-7
3.21E-7
6.42E-7
6.41E-7
0.0
3.21E-7
3.21E-7
6.41E-7
3.2E-7
0.0
0.0
9.62E-7
3.21E-7
6.41E-7
3.21E-7
9.62E-7
6.42E-7
0.69904625
3.21E-7
6.41E-7
3.21E-7
3.21E-7
3.21E-7
6.41E-7
6.42E-7
3.21E-7
3.21E-7
8.981E-6
3.21E-7
6.41E-7
3.2E-7
8.66E-6
3.2E-7
3.2E-7
6.41E-7
3.21E-7
3.2E-7
3.21E-7
6.42E-7
6.42E-7
6.42E-7
3.21E-7
3.21E-7
9.62E-7
6.41E-7
6.42E-7
3.2E-7
9.62E-7
6.42E-7
6.42E-7
3.21E-7
0.124041712
3.21E-7
6.41E-7
3.21E-7
6.41E-7
3.21E-7
3.21E-7
6.42E-7
9.63E-7
3.21E-7
6.41E-7
3.2E-7
9.62E-7
3.21E-7
6.42E-7
3.21E-7
6.42E-7
3.2E-7
3.21E-7
3.21E-7
9.63E-7
3.2E-7
3.21E-7
6.42E-7
6.41E-7
