1500
3000
4500
6000
7500
9000
10500
12000
13500
15000
16500
18000
19500
21000
22500
1000
2500
4000
5500
7000
8500
10000
11500
13000
14500
16000
17500
19000
20500
22000
23500
2000
3500
5000
6500
8000
9500
11000
12500
14000
15500
17000
18500
20000
21500
23000
24500
3000
4500
6000
7500
9000
10500
12000
13500
15000
16500
18000
19500
21000
22500
24000
25500
4000
5500
7000
8500
10000
11500
13000
14500
16000
17500
19000
20500
22000
23500
25000
26500
5000
6500
8000
9500
11000
12500
14000
15500
17000
18500
20000
21500
23000
24500
26000
27500
6000
7500
9000
10500
12000
13500
15000
16500
18000
19500
21000
22500
24000
25500
27000
28500
7000
8500
10000
11500
13000
14500
16000
17500
19000
20500
22000
23500
25000
26500
28000
29500
8000
9500
11000
12500
14000
15500
17000
18500
20000
21500
23000
24500
26000
27500
29000
30500
9000
10500
12000
13500
15000
16500
18000
19500
21000
22500
24000
25500
27000
28500
30000
31500
10000
11500
13000
14500
16000
17500
19000
20500
22000
23500
25000
26500
28000
29500
31000
32500
11000
12500
14000
15500
17000
18500
20000
21500
23000
24500
26000
27500
29000
30500
32000
33500
12000
13500
15000
16500
18000
19500
21000
22500
24000
25500
27000
28500
30000
31500
33000
34500
13000
14500
16000
17500
19000
20500
22000
23500
25000
26500
28000
29500
31000
32500
34000
35500
14000
15500
17000
18500
20000
21500
23000
24500
26000
27500
29000
30500
32000
33500
35000
36500
15000
16500
18000
19500
21000
22500
24000
25500
27000
28500
30000
31500
33000
34500
36000
37500
16000
17500
19000
20500
22000
23500
25000
26500
28000
29500
31000
32500
34000
35500
37000
38500
17000
18500
20000
21500
23000
24500
26000
27500
29000
30500
32000
33500
35000
36500
38000
39500
18000
19500
21000
22500
24000
25500
27000
28500
30000
31500
33000
34500
36000
37500
39000
40500
19000
20500
22000
23500
25000
26500
28000
29500
31000
32500
34000
35500
37000
38500
40000
41500
20000
21500
23000
24500
26000
27500
29000
30500
32000
33500
35000
36500
38000
39500
41000
42500
21000
22500
24000
25500
27000
28500
30000
31500
33000
34500
36000
37500
39000
40500
42000
43500
22000
23500
25000
26500
28000
29500
31000
32500
34000
35500
37000
38500
40000
41500
43000
44500
23000
24500
26000
27500
29000
30500
32000
33500
35000
36500
38000
39500
41000
42500
44000
45500
1000
2500
4000
5500
