0.196102826
0.229695766
0.41381738
0.351979826
0.412277511
0.349744916
0.295137145
0.469354974
0.523821941
0.462620413
0.528456943
0.573336053
0.636143843
0.349175283
0.514232801
0.573897988
0.634321082
0.687592974
0.746268039
0.686045408
0.628359182
0.584169982
0.635143137
0.798307652
0.988083256
0.905361413
1.000431715
0.593365254
0.524041327
0.686067538
0.750176888
0.688888761
0.753849993
0.794400087
0.866511236
0.811770359
0.754502056
0.683237657
0.767006073
0.797303738
0.859984835
0.815890253
0.750918436
0.806406316
0.868139951
1.051399417
1.259530925
1.061027046
1.13108322
1.064381657
0.991195389
1.171038984
1.367802532
1.398471293
1.360456002
0.914247491
1.006646999
0.812895832
0.760732093
0.811804999
0.8713204
0.94712839
0.995218741
1.049756271
0.523064034
0.925549699
1.002992176
1.059391917
1.11385728
1.169798364
1.233865055
1.185236183
1.114290919
1.176286597
1.377441386
1.433383754
1.387434336
1.184711453
1.115207592
0.926019582
0.995638268
1.032352641
1.120128694
0.914395993
1.225700639
0.938422566
0.87428435
0.818194444
0.754163997
0.802023416
0.872384933
0.933556953
1.001369557
0.941920547
0.873860013
0.923547324
1.007857789
1.050203701
1.111486376
1.165120383
1.23730819
1.644147248
1.742890335
1.27709749
1.375379033
1.156662812
1.514216123
1.174506815
1.126408126
1.289542812
0.889457559
0.926639891
0.872444591
0.923438273
0.990828463
0.91690674
0.768417646
0.693883632
0.867455172
0.921654963
0.992403613
1.046225253
1.115559764
1.300935789
1.391786446
1.043646509
1.119458669
0.92795428
1.106275968
1.148041663
1.372556529
1.269404881
1.000398679
1.043143911
1.115521596
1.171223088
1.233594671
1.190432478
1.144949416
1.059178305
1.114878514
1.162218977
1.245736895
1.287150418
1.232732845
1.158182473
1.226284063
1.165679111
1.115720775
1.162919471
1.229303182
1.398891141
1.495227721
1.401679647
1.13900227
1.153772951
1.247720025
1.276448313
1.367509377
1.159623234
1.231642653
1.150248669
1.119140816
1.164763079
1.232463104
1.159212367
1.127261612
1.058161241
1.119707242
1.053091316
1.001034705
1.045531173
1.123209073
1.519033947
1.630291956
1.526003288
1.127103167
1.183282881
1.240928373
1.400814293
1.614107136
1.545169059
1.625170393
1.30212509
1.24219401
1.300604465
1.377833651
1.306321962
1.36641726
1.416703712
1.482344911
1.569426242
1.508057289
1.081262161
1.496310217
1.559752107
1.612412992
1.568520475
1.498635575
1.428575552
1.375311999
1.770687838
2.049206523
1.902351275
2.007378926
1.44490663
1.387251516
1.28637455
1.378858412
1.64786686
1.374070097
1.402348388
1.496757648
1.421695696
1.37252221
1.286671876
1.3675716
1.405934573
1.516794866
1.430631169
1.361498724
1.191794979
1.234623282
1.294105647
1.364905616
1.412421844
1.480465701
1.424124654
1.358588016
1.806086539
1.994752387
2.025986931
2.035969297
1.305421326
1.393847517
1.187011153
1.117451804
1.181696185
1.24727548
1.292851237
1.244360603
1.183906718
1.121094118
1.047843381
1.131891482
1.188132137
1.265593858
1.293292253
1.396276475
1.313312152
1.27074942
1.294302902
1.515560341
1.540706614
1.492818329
1.312251467
1.380553198
1.657446056
1.378019038
1.427579657
1.509432619
1.29760812
1.632234673
1.321465342
1.241600964
1.191549934
1.26260521
1.313652456
1.387959387
1.433162764
1.49831195
1.581123922
1.512698385
1.428094764
1.506770163
1.551449453
1.637225375
1.688063178
1.746014976
2.143542012
2.265527786
1.791570525
1.91558754
1.681813575
2.018095464
1.683103909
1.642353353
1.534785769
1.777009286
1.439874552
1.375960533
1.429576259
1.490467311
1.416929191
1.379498608
1.343053014
1.396064466
1.427630334
1.527966853
1.565772382
1.626250321
1.908439546
2.022963001
1.560909976
1.625057813
1.674272355
1.755390824
2.053304929
2.167961812
2.059299545
1.657749476
1.55104468
1.501742256
1.555740622
1.650486337
1.548676663
1.518611854
1.417891089
1.509884861
1.442263739
1.51670121
1.441265598
0.293423114
1.300850472
1.37387156
1.31273835
1.255284018
1.301737958
1.37841066
1.67260804
1.783905179
1.712838998
1.270500526
1.315575608
1.390328688
1.190709917
1.390354026
1.789314767
1.883072604
1.291290199
1.25378809
1.292302773
1.375160931
1.300690744
1.281336059
1.170012298
1.266389612
1.172752052
1.134826246
1.173625424
1.247719063
1.304212781
1.371573784
1.286197503
1.258767245
1.181361974
1.247077265
1.406229333
1.626056595
1.535115809
1.63154765
1.297075693
1.264741013
1.293192504
1.379170491
1.281067921
1.38790005
1.415891279
1.364527144
1.305195525
1.245495699
1.172384805
1.250076817
1.289206036
1.390219636
1.308357052
1.254251558
1.190589962
1.146746839
1.544149749
1.763254066
1.675118786
1.748063217
1.187302063
1.23520382
1.424722833
1.628090402
